beautiful: [-3.25068057e-01  2.64550596e-01 -2.55006015e-01 -2.31484979e-01
 -6.87302276e-03 -1.81148380e-01  2.44012982e-01 -1.25576451e-01
  1.77230075e-01  8.41754451e-02 -2.50592679e-01  1.16160206e-01
 -2.38358438e-01  3.05793852e-01 -2.49806240e-01  1.94638297e-01
  1.86637029e-01 -1.75950751e-01 -1.48595452e-01 -8.71950760e-02
  3.36816549e-01 -2.05646023e-01  1.15971625e-01 -2.20998868e-01
 -3.16601425e-01 -4.78441939e-02  3.25657986e-02  1.48019567e-01
 -2.40804225e-01  5.01414426e-02 -2.56114542e-01 -5.88552803e-02
 -1.83802485e-01 -1.97456464e-01  2.73008019e-01  2.86832988e-01
 -2.28369474e-01 -2.60015607e-01  2.96170533e-01 -1.73106983e-01
 -2.72521615e-01  3.69314887e-02 -2.45650053e-01 -3.18625212e-01
  2.46787727e-01 -2.06343979e-01  3.12598228e-01 -2.60752678e-01
  1.95099153e-02  1.74525961e-01 -1.21422231e-01  1.25330910e-01
 -9.37230214e-02 -1.33637056e-01  2.74808079e-01 -1.68439716e-01
 -7.68569931e-02  2.85284251e-01 -2.62887299e-01  1.20776715e-02
 -5.15138395e-02  7.09034503e-02  1.46241173e-01 -2.97901064e-01
  3.85594144e-02  2.83001721e-01  2.40186617e-01 -2.77910568e-02
 -2.70513475e-01 -2.15862557e-01 -1.71101078e-01  3.14393759e-01
 -4.79075424e-02  1.99972436e-01 -2.64410883e-01 -2.85609394e-01
 -8.02456886e-02 -1.81518182e-01 -2.79017597e-01  1.19230822e-01
  2.05450684e-01 -1.74194828e-01  1.90026954e-01  1.56814367e-01
  1.47790983e-01 -8.90875310e-02 -2.45595291e-01  2.86212265e-01
  2.49193937e-01 -2.39818662e-01  2.52853744e-02  1.50132505e-03
 -2.96164840e-01  2.49017626e-01  2.05004126e-01 -7.06302747e-02
 -2.28338629e-01  1.00589104e-01  2.68687040e-01  5.10738045e-02
  1.98389247e-01  2.68730581e-01  2.74860620e-01  7.17927516e-02
  1.70598719e-02  2.05233291e-01  1.07669674e-01 -1.35084510e-01
  5.02705462e-02 -2.75734395e-01  1.00541033e-01 -2.33450457e-01
 -6.13893457e-02  3.42813045e-01 -1.65277705e-01  1.32348835e-01
 -3.28336835e-01 -4.93876338e-02  1.75309315e-01 -2.33906984e-01
 -8.34629610e-02 -1.39951423e-01  1.78805813e-01  2.54990667e-01
  6.76615685e-02  2.98411995e-01  1.36819065e-01 -1.25779182e-01
 -2.07925826e-01 -2.54385591e-01  2.85193443e-01  1.01818807e-01
  2.64767885e-01  1.97805837e-01 -1.74673542e-01  5.76620363e-02
 -1.46669194e-01  2.66559154e-01 -2.77703315e-01  3.03244144e-01
  2.17450052e-01  2.55906194e-01 -1.68543249e-01 -2.91136086e-01
 -1.64516434e-01 -2.31970057e-01  2.17331961e-01  2.45118946e-01
  2.72834301e-01  1.77895829e-01 -2.13008612e-01  3.09319288e-01
  5.05483635e-02 -1.87719986e-01  2.75398225e-01  2.22915277e-01
  1.04679048e-01 -6.11721762e-02 -2.27568477e-01  2.04878598e-01
 -2.47383550e-01  2.24659249e-01  3.13041925e-01 -3.09303731e-01
  2.40084305e-01  5.74756823e-02 -3.78249198e-01  2.02490971e-03
  2.22730100e-01 -1.59213349e-01 -2.52702713e-01 -2.23806068e-01
 -1.84871539e-01  1.44906402e-01  1.11573145e-01  2.86713839e-01
  1.24974594e-01  2.53373832e-01  1.77986115e-01 -2.28405416e-01
  2.49472544e-01  3.00267220e-01 -2.45319501e-01 -1.57092094e-01
  2.67374754e-01 -1.98671818e-01  2.36205488e-01 -1.21044710e-01
  1.45532340e-01 -2.18801603e-01  6.98692277e-02  1.05007812e-01
 -2.48581722e-01  6.70991987e-02 -2.45350733e-01 -1.09948769e-01
  3.29533875e-01  1.51486799e-01  7.67500401e-02  1.77083075e-01
  2.99976140e-01  3.35906386e-01  2.89436877e-01  1.75892755e-01
  2.55143613e-01  1.66615710e-01 -3.14326495e-01  1.73602924e-01
 -9.34382975e-02  1.27345279e-01  4.96703796e-02 -6.75965520e-03
 -1.84683904e-01 -1.84294790e-01 -9.03040320e-02 -1.87547624e-01
  2.76103169e-01  1.43740684e-01  2.84303129e-01 -1.87009145e-02
 -2.62513101e-01  1.00156516e-01  1.92870840e-01 -2.00945184e-01
 -2.86836207e-01 -1.33922607e-01  2.45189756e-01  4.42501232e-02
 -2.68663377e-01 -5.24908304e-02 -1.51871771e-01 -2.85225272e-01
  2.93582201e-01  1.48112074e-01 -2.39810988e-01 -2.27400526e-01
 -2.67541319e-01 -2.80522555e-01  5.14928736e-02 -8.26002657e-02
  9.04817209e-02  1.58385366e-01  2.57830948e-01  6.49337098e-02
  2.48790205e-01  7.07804516e-04 -2.47380167e-01 -2.58409232e-01
  3.73823044e-04 -5.10477982e-02  2.19923541e-01 -2.40853295e-01
 -2.39600807e-01  1.04358144e-01 -2.02375680e-01 -9.39828679e-02
 -2.94402510e-01 -1.44051388e-01 -2.74888963e-01 -1.40828490e-01
 -3.06397259e-01 -1.98065817e-01  3.88062559e-02  1.22481428e-01
 -1.61107093e-01 -2.83813430e-03  4.61392477e-02 -9.31217149e-02
 -2.02949867e-02  6.90784678e-02  1.94822729e-01 -5.77502288e-02
  2.21697897e-01 -8.48236457e-02  3.12652171e-01  1.74695402e-01
 -1.94288164e-01 -4.95732017e-02  1.13110580e-02  3.01273674e-01
  2.68829942e-01 -2.71477014e-01  2.15452313e-01  2.13758841e-01
  2.98071265e-01  9.63338912e-02 -1.72528952e-01 -1.74276546e-01
  2.18539685e-01  2.93789595e-01 -1.32741228e-01 -8.19742754e-02
  6.06687600e-03 -3.97255942e-02  4.66503128e-02 -1.24006219e-01
  2.50520766e-01  1.45905748e-01 -2.60170877e-01  1.06025860e-01]
boy: [-0.11129212 -0.0336436   0.32041728 -0.22313522  0.03128762 -0.19627221
 -0.19896768 -0.21003824 -0.0418176  -0.02611772 -0.01481245 -0.31887397
  0.30248585  0.13334933  0.21720408  0.09772371  0.2487563   0.1117915
 -0.04385988  0.07396072 -0.1408967  -0.02746404 -0.3117933  -0.26257867
 -0.15671918  0.05736876  0.29505768  0.22004871 -0.07450632 -0.14134465
  0.22782184 -0.23270108  0.065742    0.28229213  0.2369945   0.06790513
 -0.01985444  0.15423585 -0.01980791 -0.03836334  0.2129218  -0.32128677
  0.00166621  0.14511195 -0.12849008  0.24428387 -0.15664026  0.16962238
 -0.08364102 -0.3113653   0.07802821 -0.25964153 -0.27615643  0.24448478
 -0.01452867  0.03212438  0.07141909  0.19903065  0.29233694 -0.3271536
  0.40179828  0.26975682 -0.06405014 -0.22186834 -0.2636216   0.276991
 -0.2763689   0.04882431 -0.3780669   0.22986612  0.27737904  0.3152722
  0.27306786  0.3645465  -0.1507466   0.07515761  0.07281067  0.02923556
  0.21340042  0.22716916 -0.00365122  0.13947041 -0.3259116  -0.2857504
 -0.03956921 -0.2535415  -0.2527463   0.24629782 -0.08034732 -0.09709764
 -0.08451886  0.16024211  0.1693671   0.13983607 -0.26262277  0.25170618
  0.02963128 -0.16968632 -0.17531848 -0.16220094  0.21814308 -0.3302886
 -0.34320697 -0.01147821 -0.320012   -0.3107528   0.25099012 -0.17306462
 -0.15680696  0.21729371  0.20579557  0.24538352  0.0140433  -0.11952458
 -0.21334068 -0.2662695   0.08168444  0.13285151 -0.17863314 -0.03355402
  0.31751165  0.18690911  0.31311226  0.20158078 -0.21365647 -0.14577498
 -0.19995737 -0.06011399  0.30256632  0.2701229  -0.08866043 -0.25326964
  0.3552035   0.12871562 -0.2143174   0.2862691   0.04035686 -0.14518613
  0.09866478  0.2566328   0.18324882  0.2799703  -0.11265428  0.10238454
  0.11604741  0.3904647   0.29191142 -0.34469774 -0.2122924   0.26706377
  0.21848111 -0.15351114  0.1920965   0.07141204  0.06821641  0.20240521
 -0.2984918  -0.1585465   0.23001306  0.11200932 -0.23482543 -0.20926103
 -0.11111289  0.3336621   0.27383435  0.2582979   0.26482043  0.14833768
 -0.16313325  0.1671059  -0.07313767  0.27743745 -0.272755    0.21155548
  0.25935853  0.23973328 -0.17587018 -0.2635066  -0.2840936   0.20918626
  0.05383319 -0.12382481  0.2571217  -0.232882   -0.09253119 -0.04121451
  0.05358599 -0.00534425 -0.09569286 -0.02532451 -0.21871917 -0.2477161
  0.0677535  -0.04899279 -0.3088144   0.2852082  -0.15197566 -0.21776322
  0.17557971 -0.14406103  0.02715699 -0.0077757  -0.01978662 -0.06534791
 -0.28005394  0.03229569  0.31135595  0.2648699  -0.20998377 -0.12331751
 -0.04723879 -0.12586333 -0.2967653   0.20139198  0.0877569   0.27909744
  0.14752474  0.03731079  0.26213908  0.36429787  0.08300294  0.04157304
 -0.2963291   0.13901664 -0.09803611 -0.15134859  0.08404005 -0.17939495
  0.0546793  -0.23188415  0.3171376   0.25805062  0.2044039   0.14869417
 -0.19289751 -0.33064118 -0.31115744 -0.27033034 -0.28415897 -0.12214132
  0.32189915  0.2948504  -0.21828964 -0.11058722  0.20997305  0.32473302
 -0.1599739   0.04450857 -0.26263586 -0.03413905 -0.22579433  0.11653706
  0.3152191  -0.2792373  -0.30094084  0.2912182   0.00899882 -0.15513383
  0.08246806 -0.2628641   0.3110052  -0.24611527 -0.01560692  0.2979713
  0.27307904 -0.20087129  0.18124554  0.23530962  0.41007945  0.06391733
  0.13147141 -0.25297898 -0.2839726  -0.27009574 -0.15193672 -0.01867837
  0.17269298 -0.15727226  0.04420916  0.10915039 -0.2882751  -0.19885138
  0.19720325 -0.12586503  0.31647733 -0.23263575 -0.18589552 -0.15303415
  0.19360194  0.12031071  0.27533454 -0.3022914   0.24206777 -0.24953103
 -0.01194147  0.23749137  0.17841667  0.19985814 -0.26935357  0.08310515]
can: [ 3.22643995e-01 -6.06719702e-02  9.67088044e-02 -4.70775738e-02
  6.52922988e-02  9.69086438e-02  1.29050359e-01 -1.27119943e-01
  1.08929120e-01  1.81716755e-01 -1.56976171e-02  1.38053373e-01
  1.89187288e-01  3.10240909e-02 -1.38710454e-01 -1.76773518e-01
  1.30286679e-01  1.22219920e-01 -6.07407838e-02  1.41312793e-01
 -3.60836506e-01 -1.96923524e-01 -3.01390767e-01  7.34234229e-02
  3.80574241e-02  2.24856719e-01  3.03612620e-01  3.25044453e-01
 -1.64265275e-01  1.63327798e-01 -3.09585571e-01 -2.11870581e-01
  2.20469519e-01 -2.74519593e-01  2.19702944e-01  2.54304230e-01
  1.17177069e-02 -2.61095967e-02  5.15373088e-02  1.77387521e-01
  1.28319353e-01  1.46631569e-01  2.77986526e-02  3.09897095e-01
 -2.24412799e-01  2.33161766e-02 -7.35634044e-02  7.57120326e-02
  1.32582799e-01  2.33661532e-01 -1.61770701e-01 -9.80344415e-03
 -1.42773882e-01  2.17190564e-01  3.18803936e-02  2.33143881e-01
 -3.12243640e-01  8.82332698e-02 -3.53066623e-01 -2.47114435e-01
  1.44424558e-01  4.91976328e-02  3.35296333e-01  1.02367893e-01
  3.44830573e-01  3.15736949e-01  1.41226888e-01 -1.42596498e-01
 -2.50193864e-01 -4.69636843e-02  2.02606827e-01 -8.96080062e-02
 -2.39514664e-01 -2.37552673e-01 -1.82424515e-01 -4.53707613e-02
  1.44481853e-01  1.95027187e-01  9.12846774e-02 -9.33259949e-02
  2.78280288e-01  7.73180798e-02 -9.38029401e-03  3.05878788e-01
  2.12665096e-01 -2.51844339e-02 -1.25226468e-01  3.13975275e-01
 -2.03271955e-01 -3.04617554e-01  3.29450816e-01  3.25473577e-01
 -2.57419735e-01  6.22793958e-02 -1.12745635e-01  2.60315895e-01
  2.03603059e-01 -3.62587310e-02 -2.47067094e-01  1.92361042e-01
  1.11523323e-01  1.61993504e-01 -2.32746691e-01 -2.70345718e-01
 -7.68514127e-02 -2.50660747e-01  1.97079673e-01  5.12975566e-02
 -2.35462591e-01  5.39011769e-02  3.64604056e-01  2.71994472e-01
  6.23260774e-02  4.47617136e-02 -1.59788266e-01  5.42585663e-02
 -2.27516398e-01 -1.53867617e-01 -2.55393833e-01  1.38454586e-01
 -1.77640751e-01  2.70548224e-01 -6.36492223e-02 -7.85326660e-02
  3.08627099e-01 -1.89418003e-01  1.76221818e-01  6.52681813e-02
  1.56891838e-01 -2.50018060e-01  1.06182536e-02  8.22682828e-02
 -1.50882095e-01  2.33394727e-01 -1.57823637e-01 -2.06943408e-01
  5.53621314e-02 -2.13372782e-02  2.19332561e-01 -8.05885196e-02
  1.78348884e-01  2.82046229e-01 -2.50197828e-01  1.73016131e-01
 -3.26307379e-02  8.74901265e-02 -1.80122539e-01  2.43109316e-01
 -1.52347758e-01  2.55386829e-01 -2.54662722e-01  2.32068405e-01
  1.06894232e-01 -1.43620027e-02 -1.65323064e-01 -3.13869685e-01
 -3.03320527e-01  1.35073150e-02  1.89030662e-01  1.80518582e-01
  6.68953806e-02  1.01178549e-01 -8.84782076e-02  1.56210944e-01
  2.04485938e-01  3.24559331e-01 -1.17160186e-01  5.31377569e-02
  3.49350274e-01  1.73280567e-01 -2.64270991e-01 -1.63623482e-01
 -1.36124030e-01  7.14320689e-02  2.43039876e-01 -3.32198776e-02
  2.79562533e-01  3.63893248e-02  1.59850001e-01  2.32971951e-01
 -3.10019076e-01  1.50693161e-02 -1.20319808e-02 -3.22002321e-01
  3.17173183e-01  3.62720937e-02  7.36886710e-02  1.81024432e-01
  9.47512463e-02  1.85246281e-02 -3.46358754e-02 -1.40307005e-02
 -2.12648705e-01  3.57441455e-01  1.44680753e-01  1.71220988e-01
 -3.04232597e-01 -2.27480561e-01  2.68787682e-01 -2.09553212e-01
 -2.27355003e-01  3.27721030e-01  2.45146513e-01 -1.74448919e-02
  2.59002656e-01  1.45236075e-01 -2.23783106e-01  2.53439337e-01
  2.03381762e-01 -2.20357642e-01 -5.77346720e-02  2.42366433e-01
 -2.18437567e-01 -1.56153366e-01 -2.44047016e-01  1.95245683e-01
 -2.70851701e-01 -1.81274377e-02 -2.60840665e-04  1.61364362e-01
  5.46693839e-02  1.06763773e-01 -2.09195331e-01  1.34129196e-01
  1.12601385e-01 -1.05499282e-01  1.14143521e-01 -4.97446097e-02
  2.76140928e-01 -1.80204540e-01  2.38607470e-02 -2.01838240e-01
 -2.31199443e-01 -8.78248885e-02 -1.99705467e-01 -1.54327244e-01
  2.09030673e-01 -6.36554435e-02  1.69354215e-01 -3.23506773e-01
  2.61436045e-01  8.42959210e-02  2.49357466e-02  8.95234793e-02
  2.36631602e-01  3.97907868e-02 -2.70907342e-01 -6.80348044e-03
 -1.88529640e-01  1.04198288e-02 -1.40970573e-01  2.64702328e-02
  1.15124620e-02  3.67556736e-02  2.55438983e-01 -3.12379748e-01
 -2.34785572e-01  1.52453259e-01 -1.97844505e-01  2.30969980e-01
  2.16575012e-01 -2.63623387e-01  1.20510206e-01  6.24316745e-02
 -2.60398030e-01 -2.93598145e-01  3.44785094e-01 -1.39515921e-01
  4.49979939e-02 -1.71246342e-02 -1.53311580e-01  8.23012963e-02
  1.73754722e-01  2.87146300e-01 -2.55331457e-01  2.77031004e-01
 -2.84253955e-01 -1.54699579e-01  1.41666025e-01  3.69736701e-01
 -1.37136742e-01 -2.38357633e-01  9.42278374e-03 -1.69900984e-01
  1.96131676e-01 -2.16079488e-01 -4.83917668e-02 -2.20242441e-01
  1.08524829e-01  1.02237269e-01 -2.85624772e-01 -1.10805087e-01
  6.80906996e-02  2.24394068e-01 -2.58572608e-01  1.99022099e-01
  7.93232843e-02  1.86593130e-01 -1.91695005e-01 -5.07077798e-02]
children: [ 0.23158176 -0.04786005  0.23603284  0.29181516 -0.29699406  0.11343756
 -0.22727117  0.18179879  0.19974855  0.1429143  -0.36426705  0.09420657
  0.3245091  -0.12902728  0.19594568  0.30574965 -0.19813104 -0.2804621
  0.27533564 -0.19938025 -0.30212858 -0.2345812  -0.10322545  0.23819931
  0.12400303 -0.17024049  0.2855049  -0.1496853  -0.09454828 -0.29761794
  0.2490484  -0.20860387  0.07626349  0.03865439 -0.09450443  0.20035732
  0.32792333  0.1148532   0.1461951   0.1343089   0.10396244  0.27118888
  0.24621893  0.09370041 -0.25822344  0.28127494 -0.06791975  0.04862721
 -0.18738984  0.03512413  0.12255567  0.22266828  0.03228051  0.04427462
 -0.26114675  0.29711494 -0.29091927 -0.09069705 -0.21581744 -0.18209276
 -0.01155846 -0.20523831  0.06960047  0.2581152  -0.08718945 -0.18272935
  0.205908   -0.10529625  0.00924644 -0.191403   -0.09113849  0.30781624
  0.16228266  0.10299811  0.31831962 -0.28750816  0.2848753   0.02542938
  0.17775066 -0.22795457 -0.24634348  0.2976034   0.11953595 -0.07980662
 -0.12399359  0.2934632  -0.2972559  -0.14423177 -0.18537997  0.12793137
 -0.01938164 -0.19980392  0.26482144  0.3851756   0.21663582 -0.24643853
 -0.14678818  0.24774405 -0.0314505   0.141756   -0.28476623 -0.02044257
 -0.1656954   0.02153668  0.20874675 -0.07787151 -0.27911392 -0.1538738
 -0.16264597 -0.22991163  0.16373129  0.2759698  -0.27491283  0.30991444
  0.28047478  0.14481074  0.09529665 -0.16165338 -0.24299449 -0.19997196
 -0.25711516  0.19913924  0.2193233  -0.22651948 -0.28191942 -0.31566894
  0.14636113  0.03486594  0.2591685  -0.03479176  0.06303079  0.18542247
 -0.23679289 -0.21885714 -0.15042658  0.00781164 -0.16114551 -0.35200658
 -0.23141842 -0.22724898  0.33022204 -0.086275   -0.10236766  0.2181492
 -0.2548548  -0.05140662 -0.27388334 -0.20429276  0.10536558  0.24947725
  0.26817563 -0.21823953 -0.15922554  0.01650544 -0.13465372 -0.02510466
  0.39321947 -0.21696274 -0.05896161  0.01780739  0.07268149  0.130725
 -0.07987016  0.12128037 -0.0477422  -0.1844395  -0.24027687 -0.18147272
  0.23724586 -0.32867298  0.09383962 -0.34654477  0.0708324  -0.26764196
 -0.26741442  0.18634553 -0.17175655  0.08335828  0.3471826   0.13510084
  0.1011653  -0.22266586 -0.01819196  0.1789146   0.20259403  0.02709586
 -0.078633    0.29793128 -0.08527347 -0.25237137  0.01521567  0.02251252
 -0.31265703  0.04722378  0.06139484  0.11624264 -0.21110773  0.14348115
 -0.28875485 -0.21531776 -0.25604162 -0.32182476  0.05325103 -0.2923947
 -0.25142047  0.13877645 -0.21178626 -0.2662003   0.19696951  0.01608371
 -0.41560006  0.11419292 -0.17226003 -0.20331004 -0.07983359 -0.21829987
  0.00795398 -0.03268455 -0.08735003 -0.05571292 -0.18224481 -0.2050732
 -0.07510261  0.11962069 -0.28063735 -0.09406368 -0.04507592 -0.05771906
 -0.31570134 -0.14401463 -0.08379487 -0.2903581  -0.00226967 -0.04549835
 -0.06043344  0.07600941 -0.18792416  0.12489425 -0.23263055 -0.34142727
 -0.333241   -0.31473982 -0.05578349  0.2771133  -0.27976608 -0.05143237
  0.29148352 -0.21466567  0.29026532 -0.19406515  0.28612947  0.3105295
  0.3103047  -0.13606293  0.30963972 -0.20108423 -0.28934857  0.04211164
  0.30128148  0.1408136  -0.42463267  0.070489    0.20863558 -0.06456723
 -0.30071512  0.03922668 -0.11508855  0.34614092  0.18989454  0.0052795
  0.3051095  -0.22987095  0.08304557  0.27884904  0.17267253  0.07155316
  0.13581595 -0.02001633  0.10101531 -0.21095842  0.06176141  0.18866512
  0.05515765  0.26339298  0.21309318 -0.04743379 -0.28457758  0.06456429
 -0.09062935  0.30694115  0.20809337  0.24621831 -0.16746742 -0.11871433
 -0.20207334 -0.08590196 -0.17255257 -0.25997365 -0.12892427  0.0830378 ]
daughter: [-0.26274937  0.2110531  -0.06825548 -0.22364241 -0.10035703  0.28593045
  0.07153306  0.18116911  0.09415631 -0.26920876 -0.15054503  0.14201605
  0.10807464  0.26317737 -0.1808148   0.07910885  0.04061945 -0.2104762
 -0.26202396 -0.15822437  0.03680953 -0.26782086  0.29410356 -0.23073576
 -0.2940154  -0.00166505  0.2558464  -0.0470615  -0.22391969  0.22593962
 -0.09309976  0.28083253 -0.15122469  0.02826199  0.10817382  0.08367907
 -0.14890927 -0.1467998   0.04261091  0.11458016 -0.06251524 -0.20047465
 -0.08265205 -0.18977542  0.24227004 -0.26321638  0.13709126 -0.13029885
  0.12219981 -0.25014764  0.09478818  0.10367659  0.28201407 -0.31928703
  0.05879347 -0.19071996  0.02071913  0.31489235  0.1870531  -0.1701345
  0.2604628  -0.06539338 -0.21029545 -0.01310961 -0.02996005  0.03662661
 -0.08322046 -0.33463055 -0.14169925 -0.07285068 -0.24095586  0.31649914
  0.0678642   0.06039956 -0.03133399 -0.2125603  -0.11125229 -0.14275451
 -0.25904208  0.26080588  0.2677033  -0.17420883  0.2907264  -0.18234985
 -0.10164522  0.1896622  -0.24227397 -0.11540845  0.24531847 -0.08610458
  0.02126066  0.14344414 -0.11340712  0.13553831  0.2393502  -0.21547657
 -0.09801503  0.06510877  0.28521836  0.02681153  0.05367304  0.16715176
  0.14646357  0.26470953  0.1768328   0.23590802 -0.00166232 -0.1803866
  0.23249324 -0.1403618  -0.23183596 -0.18190713 -0.01964191  0.06011531
 -0.0547725   0.07823505 -0.22776976 -0.19625752  0.2723818  -0.17503254
 -0.1675543  -0.24254468  0.06932548 -0.02974519  0.08896213  0.2625067
 -0.22256176 -0.08317831 -0.14872834 -0.22015288  0.24091095  0.09906805
  0.32470882  0.04484335  0.20934558 -0.02692067 -0.31838518  0.1017187
 -0.11982894  0.01302765 -0.01064801  0.19255675 -0.1545457  -0.24600855
 -0.16972005 -0.15236878  0.2752674  -0.14519365  0.2777138   0.16979718
  0.17915109 -0.01544628 -0.17785023 -0.24608414  0.26587814  0.20614327
  0.2577886  -0.03755024 -0.12061845  0.285563   -0.32727277  0.22299156
  0.03865945 -0.12063482  0.2035699   0.0088106  -0.23252785 -0.06036368
  0.12599841 -0.1975482  -0.20326671  0.25073063  0.20165053  0.13378413
  0.02062875 -0.1780993   0.05256632  0.11952718  0.18917921 -0.09272963
  0.19081712  0.23751673 -0.26931524  0.27131593  0.01570325 -0.1691809
  0.17079346 -0.19633868  0.03803238  0.02144262  0.08463822  0.2229199
 -0.23007391 -0.1610847  -0.17478923 -0.19048624  0.29588515 -0.12627687
 -0.18395032 -0.15348132  0.10472586  0.26676112  0.21791986  0.05451808
 -0.12605658  0.09190849 -0.22148938  0.23879161 -0.08905123  0.22444639
 -0.22116503 -0.32214403 -0.11512192 -0.30450222 -0.05884609 -0.08568315
  0.23089227  0.23355217  0.21022825 -0.18744704 -0.26848567 -0.2833606
  0.05035627 -0.10990576 -0.22582415 -0.12193828 -0.07164882 -0.01987175
 -0.13174812 -0.19010013 -0.20935945 -0.18593314  0.30259794  0.2710002
 -0.2588025  -0.18421525 -0.31692687 -0.26445496  0.25452211  0.10369118
  0.19416769  0.2780772   0.26871994  0.01410694  0.21379803 -0.02709935
  0.1047389  -0.23124531  0.1788191  -0.02782649 -0.02708935 -0.20005631
  0.14044732  0.09581739 -0.2921423  -0.25870776  0.02823739  0.08944561
 -0.20772891 -0.27243    -0.18985443 -0.23116136 -0.19217755 -0.13197713
 -0.05935252  0.19844411 -0.06634375 -0.2677843   0.19537857  0.05098671
  0.17113268  0.03814329  0.10583485 -0.01282326  0.13470392  0.17395933
  0.02384383 -0.09603352 -0.256998    0.14654422  0.04583784 -0.25965828
 -0.24126486  0.18656978  0.08792097  0.23488232 -0.01826408  0.26818162
  0.00883984  0.12452792  0.15589133 -0.08228793 -0.24656238 -0.01765661
  0.23765616 -0.17175409  0.12682037  0.14525144  0.14216666 -0.1158643 ]
family: [ 0.06888099 -0.21719289  0.25788674  0.09860413 -0.26299524  0.0963665
 -0.2121082   0.09415804 -0.06502585  0.26978567  0.03949992  0.00757191
  0.25939015  0.07128607 -0.28578696 -0.19010596  0.099438   -0.31136423
  0.09291477  0.1522827  -0.00606563 -0.01916487 -0.26100308  0.26794904
  0.04733917 -0.15008578 -0.11407959 -0.039555   -0.20924826 -0.12124598
 -0.21463601  0.01132215  0.22741188  0.26551753 -0.22228096 -0.18722618
 -0.21713458 -0.19275637  0.11299315  0.32138503  0.24780743  0.00896791
  0.31015483 -0.25560462  0.24316932 -0.25142944  0.2937223  -0.21418834
 -0.21508372  0.29755834 -0.19266427  0.18828847  0.02036542  0.23840031
  0.24396648  0.17541648 -0.2183977  -0.1185491  -0.08488014  0.02422162
  0.13377187 -0.0499813   0.0332639  -0.5658753  -0.19752745  0.31977516
 -0.05941826 -0.16660629  0.02649458  0.04508691  0.18912643 -0.2500673
 -0.11720104 -0.28185844 -0.27248985 -0.27440253 -0.17613648  0.12308627
  0.04693071 -0.01846119  0.3304425   0.26548576 -0.01572931  0.35540655
 -0.26977545  0.13293913 -0.1338565  -0.14955337 -0.04456128  0.07309877
  0.26650566  0.32351768 -0.00831661 -0.3204085  -0.01776223  0.02905055
  0.13946813  0.17409295 -0.12812258 -0.16448106 -0.05435797  0.35407108
  0.30387217  0.27285227  0.21357618 -0.20531006 -0.19272369 -0.17044568
 -0.14136541  0.26022694  0.02124765  0.19439396  0.15550646  0.02035013
 -0.0093995   0.13925384  0.02858984  0.16275023 -0.222655   -0.07844289
  0.10078742 -0.09726119 -0.03342065  0.03081668 -0.25083432 -0.15290953
  0.32535794 -0.30073842 -0.08068376  0.11542496 -0.16635948 -0.05682393
 -0.20937145  0.04307042 -0.22137277 -0.19422403  0.28875574  0.08416331
  0.04616358 -0.28697422  0.18729943 -0.20275289 -0.141953    0.05576377
 -0.2164603   0.35214835 -0.26472902 -0.00159013  0.24874459  0.10880228
 -0.23850618  0.31714183 -0.14686039 -0.1777915  -0.36193234 -0.33168206
 -0.28113285  0.2891143  -0.20599955 -0.21520597  0.00972258  0.13493499
 -0.0951343   0.22184339 -0.2605029  -0.2078177  -0.29191864 -0.15605672
  0.0839506   0.13113563  0.21401478 -0.21034336  0.18825552 -0.01946268
 -0.30756834 -0.27965057  0.0101998  -0.19044177  0.24266055 -0.12872504
 -0.21976303 -0.25164235 -0.0211262   0.30411032  0.25016883  0.07902519
 -0.26165196  0.2435877   0.321246    0.2881193   0.21757777  0.28951317
 -0.10516088 -0.09240145  0.19862376  0.20786451  0.3147342  -0.29849482
 -0.00786804 -0.12417129  0.14278945 -0.05564127  0.07193942  0.2515884
  0.14695787 -0.1594445  -0.04404645 -0.06299496  0.10617135 -0.03560625
 -0.03113643  0.14175628 -0.19278914 -0.29633293 -0.16062771 -0.0547454
 -0.19824822  0.03252823 -0.05533294 -0.01010542 -0.13403355 -0.2273652
 -0.14953242  0.00972891  0.2503585  -0.15794438  0.2826684   0.37248227
 -0.22200719  0.3652404   0.0779309  -0.13082384  0.3583158  -0.1729016
  0.17714332  0.33473384  0.07139439  0.30358028  0.01890055 -0.15549631
 -0.26381406 -0.31523553 -0.25458694 -0.141833    0.16641892 -0.12920153
  0.20243761  0.24053362  0.09901246 -0.36487016 -0.19773616  0.22952707
 -0.14360987  0.2892656   0.20619702 -0.20750114  0.19464566  0.2683269
  0.35366583  0.140095    0.06323259 -0.2756709   0.01724443 -0.35153678
  0.12482147  0.01051715 -0.23358771 -0.2334793   0.13783382  0.11857759
  0.15879315  0.3231984   0.20165999  0.24515934  0.13307333  0.15162894
 -0.06365211  0.0881504   0.03058764 -0.21150273  0.30011475 -0.02595643
 -0.23102848 -0.2446639  -0.0051412   0.10435129  0.19678424  0.06341957
 -0.25357398 -0.18404901 -0.33995602  0.3380576  -0.33809343  0.07446438
 -0.27175754 -0.0023259  -0.24034141 -0.25369355  0.21854666 -0.11580697]
future: [ 0.27182928  0.26420346 -0.28148183 -0.28151777  0.3270851  -0.19314046
 -0.12467074  0.04001376 -0.15916406  0.37551427 -0.29183337 -0.0480481
 -0.25102252  0.05981609 -0.07350628 -0.06629785  0.25502086 -0.06929074
  0.11324742  0.00213698  0.25765947  0.21247171 -0.09965108  0.11053878
  0.02968019  0.18916202  0.21570732  0.01184748  0.2876987   0.19778916
 -0.07394986  0.02959625 -0.15943463  0.16525052 -0.1872832  -0.12421162
 -0.21490006  0.3364039  -0.22351277  0.26054892 -0.19533746 -0.13308136
  0.23518842 -0.30045763  0.31802392 -0.06399633 -0.10515254 -0.11429363
 -0.22127478 -0.06998529 -0.26574817 -0.10387841 -0.04732868 -0.05475602
 -0.26523155 -0.04269165 -0.17664456 -0.25810802 -0.14808804 -0.369454
 -0.18407139  0.1273765  -0.10127091 -0.13757034 -0.04633925 -0.22742152
 -0.14633831  0.14929762  0.31183398 -0.19338419  0.00647392 -0.22108638
 -0.06786261 -0.08135097 -0.2877351   0.2223027   0.21062084 -0.17420071
  0.23916088  0.1233677  -0.17788422  0.02479585 -0.06664585  0.18112925
 -0.23378934  0.03927384 -0.3019047  -0.07129608  0.2481282   0.10812172
  0.2421409   0.25498408 -0.25383097  0.13982692 -0.25216419  0.09373527
  0.00843311 -0.0482004  -0.26869577 -0.07763068  0.2609111  -0.23410213
  0.04701144  0.32153863 -0.1259187   0.1734107  -0.235693    0.16990265
  0.13179006  0.24780591  0.29634935 -0.02808492  0.19970402 -0.17093368
  0.19579168 -0.22836356 -0.21011665  0.10941046 -0.00852756  0.2514996
  0.21087801 -0.22545016  0.16271734 -0.14849791 -0.07585632  0.22522281
  0.2811517   0.20785214  0.09327291  0.09778467  0.05241565 -0.12015315
  0.01017695 -0.10937122 -0.03278084 -0.17437722 -0.0769157  -0.274089
  0.27253106  0.07126026  0.26370338 -0.11442063 -0.14518125  0.3630379
  0.12823306  0.2524015   0.03452297  0.2134756   0.24189267  0.10586635
 -0.01420549  0.19915304  0.05543589  0.25826293 -0.13565671  0.20243764
 -0.28064787  0.07210013 -0.1690383   0.2964252  -0.21153791 -0.2597455
 -0.24327862 -0.02456625  0.21822718 -0.17711154 -0.07883946  0.16712937
 -0.14372914  0.24140356 -0.21160021  0.17095584  0.24195151 -0.1733623
  0.20491548 -0.01077502  0.15720806 -0.09336191 -0.12842408 -0.1084936
 -0.23651493  0.00457777  0.12444103  0.11935952 -0.24252813  0.2824147
  0.09559721 -0.2620028  -0.13674048 -0.12472104 -0.04815477 -0.27065837
 -0.32232457 -0.25923654 -0.04270335  0.26986203 -0.25187358 -0.28689823
 -0.12954916 -0.29075512  0.00913991 -0.28065315 -0.12705915  0.14947529
 -0.3077985   0.09241049 -0.05853581 -0.24583109 -0.09875093 -0.24115945
 -0.16370414 -0.13870203  0.10266054  0.19199935  0.26826295  0.21543553
  0.31007054 -0.3216166  -0.05019278 -0.15021858  0.14360102 -0.01792461
 -0.21193549 -0.15658845 -0.11537091  0.12196491  0.14712334  0.20098473
 -0.04010932  0.16637222 -0.14686897 -0.03812389  0.11504316 -0.23236725
  0.41733798 -0.10142456 -0.30100784  0.2515839   0.08835816  0.13002189
  0.03433363 -0.07738366 -0.1286051  -0.04005293  0.07817563  0.20892715
  0.3008766   0.023102   -0.07952332 -0.28137684 -0.01052866 -0.11360876
  0.286572    0.14113748 -0.01682962  0.33460388  0.17997278  0.22017196
  0.16230623 -0.11837495  0.3541732  -0.00941885 -0.26776394 -0.05354185
  0.27223665  0.14700437  0.2052843  -0.06410387 -0.268038    0.27805614
 -0.14632045 -0.2605398   0.09217484 -0.08854322 -0.2309712   0.15664431
  0.12768212  0.1733306   0.06843853  0.15370269  0.27700213 -0.26576254
  0.17146519  0.11926814 -0.22390926 -0.22942902  0.19865249 -0.03329042
 -0.35346445 -0.19688398 -0.22165948  0.06455024 -0.17531884  0.02673224
 -0.04818974  0.12743175  0.17759106 -0.06923234  0.25739178  0.08423138]
king: [ 0.22228943 -0.28531334  0.24719045  0.20068893 -0.3325299   0.18357487
  0.16068192  0.18136261 -0.25761163 -0.06597143  0.18241812 -0.15927097
  0.2206269  -0.25143176  0.07205601 -0.24468224 -0.3482127  -0.15709075
  0.20326498  0.29528445 -0.15686603  0.2367537  -0.21022953  0.2513617
  0.09350344  0.02866     0.02862524 -0.2305978   0.12067707 -0.25405833
  0.00657368  0.17817119  0.2704349   0.32097098 -0.21645616 -0.18844828
 -0.03041263  0.1648664  -0.00794612  0.34310034  0.25302315  0.2372939
  0.2750208   0.29251966 -0.00152241  0.1851172  -0.26513922 -0.0331064
 -0.33171484  0.09309884  0.21050715  0.26191077 -0.33124578 -0.06673829
  0.25898394 -0.24302839 -0.06286634 -0.24288215  0.01472488  0.37304407
  0.24516675 -0.04074864 -0.19586971  0.10830471 -0.16799626 -0.12899464
  0.1342327   0.02218456  0.27368656 -0.26721188 -0.18321699 -0.26593894
  0.26905406  0.30648163  0.09879711  0.15975805  0.01260136  0.16830777
 -0.03097977 -0.30503574 -0.12275288  0.01185197  0.25150943 -0.1026195
 -0.32036138  0.05138048  0.18541428  0.05871106 -0.17017052  0.09244709
  0.22484101 -0.14681315  0.16635562  0.09406127  0.2482691   0.11170678
 -0.2660557   0.12341341  0.29793322 -0.11241968 -0.19715385 -0.3184503
 -0.296219    0.02255461  0.28296494  0.13747253  0.15569293 -0.29364052
 -0.22191519 -0.01394472 -0.18683769 -0.16974689 -0.31486934 -0.25664663
  0.10509333  0.27419186  0.2365892   0.2460319  -0.26317722 -0.28442517
  0.06264428  0.14310521  0.30210727  0.12820168 -0.22782794  0.09869611
  0.23430653  0.29106396  0.2530399   0.14314699  0.20082931 -0.1412934
  0.0194134  -0.11117278 -0.15728585  0.01297559 -0.31727573  0.15808803
  0.26005808 -0.00316573  0.1410326  -0.16850145  0.23233344 -0.2849108
 -0.03813953 -0.10935096 -0.33411086 -0.13860281  0.25231877 -0.31672865
  0.1672113  -0.12571214 -0.3118745  -0.21310738  0.14654614  0.19997339
 -0.1311719  -0.2861422   0.16663036 -0.2667116  -0.03604277 -0.37238732
 -0.36154082 -0.28960496 -0.1625308  -0.09473345  0.1171604  -0.15816759
 -0.3228696  -0.04442104  0.2181298  -0.30319744  0.09115373 -0.0323636
 -0.11647925  0.03503682 -0.05976016 -0.10852593 -0.28614783  0.0708306
  0.08944205 -0.1885038  -0.3299954   0.22943011  0.23057109  0.16128749
 -0.04445375  0.04875587 -0.2015815   0.19385122 -0.10708308  0.11306041
  0.00526103  0.28046316  0.26308495  0.16731888 -0.20584974  0.12668689
  0.03634223  0.07120281  0.12234598 -0.00447993 -0.3323742  -0.19555458
 -0.27577418 -0.10795678  0.30959836 -0.3039577  -0.18345346  0.20869523
  0.21041049  0.15694514 -0.15950102  0.08100146  0.2423508  -0.17132439
 -0.11025428 -0.3110507   0.2187728  -0.02297866 -0.21319622 -0.02007496
  0.07235081 -0.19453596  0.01686032 -0.20138942  0.2581291  -0.12823834
 -0.14680664 -0.48824614  0.3653365   0.22185603  0.12881804  0.26966298
  0.06574026  0.24976122 -0.11531613 -0.12116616 -0.02699904 -0.1785548
 -0.18135233 -0.19353236  0.26762396  0.15857269 -0.11685997 -0.2812689
  0.28875446 -0.04607854  0.25823253  0.27125305  0.1217745   0.18302754
 -0.00757359  0.13891895 -0.06230654 -0.1627692   0.31634793  0.29899776
  0.00340765  0.31204852  0.31188333 -0.07032641  0.23251347  0.00845413
 -0.06854871  0.3078465  -0.3459509   0.33164787  0.1258924  -0.3240783
  0.25398308 -0.05827455 -0.2809969   0.03444821  0.26738185 -0.34101707
  0.21707502  0.27174985 -0.03463433 -0.3003729  -0.2939802   0.3440922
  0.26149517 -0.13629632 -0.3538812  -0.06312475  0.04298803  0.27375457
 -0.24198397 -0.23445925  0.14513668 -0.2858149  -0.35597783 -0.25538048
  0.08015266 -0.31314766 -0.07381342 -0.06762177 -0.13726188  0.27348697]
man: [-0.2486382   0.08179069 -0.26048264 -0.22524263  0.17320497 -0.28178403
 -0.2903356  -0.26726818 -0.15826967 -0.23173109 -0.40662375 -0.03345107
  0.09145369  0.24331905  0.15688987  0.15219757  0.30531996  0.32369623
 -0.33484715 -0.06819773  0.38566113  0.11219628  0.3774064  -0.22492199
 -0.21911812  0.19121441 -0.2201768   0.2663758   0.22107312  0.17388242
  0.27038902  0.02230435  0.25270233 -0.01676793  0.07226657 -0.15721312
 -0.11172622 -0.31391618 -0.14966442  0.15821368  0.0752411  -0.06782569
  0.12308903  0.01274835 -0.1796336   0.11135478 -0.04514983  0.27639386
 -0.03433076 -0.13976145 -0.25683272 -0.12280961  0.34726605 -0.11559738
 -0.06833848 -0.02528818  0.0747081  -0.40669084 -0.2180217   0.23171525
 -0.09670258  0.268537   -0.16592625  0.07623419 -0.17347577 -0.26458302
 -0.36484882 -0.06092043  0.13163337  0.17999382 -0.00790697 -0.28321472
  0.3309509   0.19518133 -0.27194908 -0.2645542   0.07955012  0.2765705
 -0.05785373  0.24962057 -0.21398725 -0.01644189 -0.20699388  0.2901432
 -0.10861956 -0.00576982 -0.20054325 -0.41923422  0.13993737  0.22745553
 -0.19522542 -0.04296748 -0.30140597  0.21443416 -0.11580195  0.27272075
  0.3143969  -0.2570933  -0.18707775 -0.32059166 -0.04510596  0.2566718
  0.29793406 -0.05351316  0.02358244  0.28822273 -0.07133189  0.16051789
  0.2830856  -0.15299784 -0.03773945 -0.190952    0.16226497 -0.16984513
 -0.13270973 -0.23237154  0.04449823 -0.27873936 -0.2753049   0.2983025
  0.30258197 -0.32675692 -0.21305396 -0.14068353  0.17531204  0.2333321
 -0.20751946 -0.14377645  0.2732808   0.04657252 -0.02363492  0.10577922
  0.02347261 -0.15842965  0.21847837 -0.04760328  0.07914489 -0.2056798
  0.1049849   0.11144347 -0.2973451  -0.24310902 -0.21795306  0.47743136
  0.31581783  0.21879905 -0.11171179 -0.07546497 -0.14219499 -0.2774289
  0.07482342 -0.16161302  0.32519585  0.03617091  0.0803935  -0.02890713
  0.25110617 -0.06167439  0.03306321 -0.22211277 -0.16864114 -0.28764188
 -0.26832426 -0.00252414 -0.02041393  0.02892412  0.11707012  0.17457734
 -0.18675974  0.18986861 -0.04849033  0.23385477 -0.3027102  -0.33198816
  0.24877177 -0.1758524   0.23877285  0.27243507 -0.23841663 -0.24660137
 -0.0918736   0.04352775  0.11942688  0.1933375  -0.22491153  0.04883305
 -0.25310606 -0.21231775  0.21841532 -0.2353479  -0.22020444 -0.11005975
  0.11383972 -0.12371423  0.07483324 -0.05145941  0.04020448 -0.0315823
 -0.1998938  -0.07074408 -0.10373807  0.22934881 -0.1895635  -0.34340033
 -0.19795528  0.12479296 -0.01023699  0.04762616  0.27946272 -0.24503246
 -0.33157238 -0.15587312  0.21089648  0.34614876  0.06979908  0.2955942
  0.18378563 -0.27655092 -0.47699022 -0.22880375  0.2142416   0.19756812
  0.23617451 -0.24372654 -0.17986757  0.27753276  0.2236618   0.10822435
  0.17373042  0.1594589   0.26110026  0.2806412  -0.01264928 -0.10031454
  0.31019515 -0.04163038  0.29711008  0.28790647 -0.03101053  0.18105224
 -0.07138306 -0.25644562 -0.22237496 -0.16661498 -0.05258671  0.12282088
 -0.13850367 -0.00675161 -0.27981183 -0.0684474  -0.1683187   0.01177393
  0.09853929  0.2413052   0.3095169   0.3245405   0.30417597 -0.11930402
  0.04268295 -0.3830901  -0.11953259 -0.05340379 -0.03275762 -0.33973655
  0.23596385  0.1941178   0.21552183  0.18413574 -0.11345131  0.22883669
 -0.28087768 -0.04326409 -0.14145736  0.18329456 -0.07840126 -0.06544004
  0.0152328  -0.32896462 -0.19301516 -0.18282951 -0.14234309  0.05890995
 -0.33286828  0.11410053 -0.2030816  -0.2164757   0.02228043 -0.2558323
 -0.16174605 -0.31892413  0.06138946  0.18661727  0.1493858   0.23675998
  0.16749826  0.1437475   0.11359494  0.19747165  0.3025897  -0.231938  ]
now: [ 0.23405857 -0.28890738  0.23114468 -0.22265612  0.29760852  0.05145149
  0.02538232 -0.03445365 -0.15373433  0.01955062  0.0734047  -0.09609628
 -0.08660828  0.2700565   0.1777635   0.21463671  0.26835424  0.10274869
 -0.2881675  -0.18479444  0.24361217 -0.2596973   0.06538415 -0.06721111
 -0.16317903  0.2350607  -0.03704979  0.22348271 -0.10520468  0.27207997
  0.1493675  -0.2522085   0.30074334 -0.05044435  0.2418484  -0.07441146
  0.32779366 -0.24049541 -0.2331625   0.09028437  0.2824656   0.02183328
 -0.05057199  0.14989132 -0.13523598  0.06727643  0.21305496  0.1725318
  0.1371353  -0.25132015  0.15596543 -0.1272509   0.3160071   0.2595866
 -0.11050029  0.11732624  0.16777557 -0.19061127  0.25338256  0.1532187
  0.08607604  0.27914497  0.18276754  0.21126483  0.08861239  0.01619341
 -0.24747609 -0.33645263 -0.14531994  0.20865372  0.2563462   0.0362999
  0.3512942  -0.19526546 -0.06671554 -0.25582203 -0.3171644   0.28936565
  0.0031205   0.19484262  0.11243602 -0.20003152 -0.2544243   0.17852111
  0.12697107  0.01609845  0.25368536  0.29330933 -0.28471008  0.2871406
 -0.29866454  0.1837726   0.33077398  0.28285578 -0.2350492   0.1936417
  0.1572539  -0.24957837  0.03073587 -0.2632518  -0.2776435   0.20506732
  0.04397012 -0.17966722 -0.32328844 -0.21878164  0.03444475  0.14420405
  0.04091773 -0.20215549 -0.2085669   0.06912993  0.2677229   0.29795554
 -0.22026531 -0.14013113 -0.02630892 -0.10312217  0.27488726  0.14620869
  0.18390581 -0.0222668  -0.18711123  0.25949427  0.02419954 -0.13798793
 -0.20282963 -0.14324504 -0.19212523 -0.2523626   0.00615516  0.23726283
 -0.04308624  0.04129093  0.2949226   0.19833098  0.07711809 -0.04692623
  0.00567046  0.1820327  -0.26041302  0.24181956  0.03847456  0.0688905
  0.18939157 -0.01596051  0.18150155 -0.34194836 -0.11010332 -0.2790329
 -0.00514494  0.09203568  0.05733639  0.01350453  0.0876152  -0.2535319
  0.31999597 -0.0701973   0.12067205 -0.4429862  -0.07598808 -0.04884161
 -0.10263748  0.04200168 -0.19914703  0.32127467  0.12187111  0.22265612
  0.26826385  0.03213523 -0.2793677   0.19228773 -0.2086021   0.01727571
 -0.12975588  0.16444857  0.17573224 -0.3367991   0.01788771 -0.23529263
  0.16309957  0.2810858   0.09252542  0.25006273 -0.34487814 -0.18585864
  0.00691373  0.16282812 -0.3598241  -0.21686259 -0.27197766 -0.29200685
  0.19626287 -0.22787692  0.03313175  0.02225531  0.02812311 -0.09425402
  0.03610798  0.20722105 -0.2884646   0.29563534  0.08712768 -0.29982367
 -0.27745432  0.32955992 -0.26346684  0.15724349  0.08992611 -0.23251899
  0.04104291 -0.21481061  0.08396187  0.27767405 -0.28055766  0.17235523
  0.12637986  0.1877293  -0.09973823  0.21656425  0.08776576  0.25922322
  0.04097944  0.22659816 -0.07445412  0.07570542 -0.3298834  -0.14447647
  0.25551566 -0.04319997 -0.13131268 -0.06292266 -0.21911085  0.1372058
 -0.07336876 -0.12616251  0.26832938  0.28072968 -0.02296388  0.1731079
 -0.20360981  0.24623364  0.20055193 -0.12564431  0.26063973  0.07962921
 -0.08077346  0.29007536 -0.08747286 -0.03391999 -0.04792583  0.23963504
 -0.2713521   0.07738814 -0.23244554  0.3275248   0.10413424 -0.3134702
 -0.1057316   0.00661854 -0.2242989   0.27285835 -0.10170678 -0.29933533
 -0.0743439  -0.27019     0.10449658  0.26950476 -0.07742789  0.0185014
 -0.17684413  0.10762458 -0.14094064  0.23905918 -0.02004418 -0.391097
 -0.03461909 -0.27806723 -0.07215812  0.12291133 -0.11561915 -0.11852591
 -0.18438767  0.00424023 -0.1916898  -0.13750692 -0.4156205  -0.254114
  0.09196018 -0.03340024 -0.02869503  0.2651433  -0.18755034 -0.01863045
  0.01982275  0.07751629  0.10171405  0.16015413  0.25369328 -0.17469138]
only: [-0.20475632 -0.05050837  0.05296244 -0.31458122  0.2127658  -0.14390475
 -0.09736776 -0.12448594 -0.2116038   0.11916546  0.17852701 -0.15988123
 -0.05024303  0.13109568  0.28888497  0.15461434  0.3548229   0.06418753
 -0.2614091  -0.2731189  -0.17231806  0.08414765  0.08894525  0.14018871
 -0.25546178 -0.16815583  0.20962584  0.1640325   0.24497972  0.22884314
  0.22340997 -0.23214805  0.25843182  0.31260452  0.26538324 -0.22259071
 -0.01810829  0.12863332 -0.1546636  -0.35721987  0.26913106  0.11389995
 -0.24952653 -0.29957834  0.3495254   0.10786115  0.01000097 -0.26178706
  0.21230313 -0.15722437 -0.19855712 -0.1355531  -0.05762552  0.30238518
 -0.28552437 -0.17175522  0.27112693  0.22403231 -0.1005295   0.15456344
 -0.22789122  0.04381609 -0.10200255 -0.17528868 -0.11341637 -0.03346584
 -0.12197284  0.16398448  0.30907133 -0.44393975  0.10212763 -0.1351922
 -0.04178903 -0.25326467 -0.34490553 -0.11217418  0.21861045 -0.16751796
  0.29145128  0.22247128 -0.08695178 -0.30521876  0.07904637  0.02386099
  0.33089867 -0.14383857 -0.22938457  0.25466242  0.30783838 -0.28775728
 -0.15305027  0.36535513 -0.08051828  0.27480063 -0.13599941  0.02603997
 -0.27549157 -0.16364196  0.1061527   0.3036912   0.11300372 -0.1483399
 -0.06417189 -0.2962632  -0.00746931 -0.21210445  0.25453514  0.36943412
 -0.2979902  -0.24116702  0.15102407 -0.18577892  0.23612906 -0.2659736
 -0.2507194  -0.20314297  0.02992466  0.26562217 -0.04722354 -0.03435137
  0.16749616  0.04655169  0.28436136  0.23915546 -0.07443859  0.21721983
  0.04145959  0.11174873 -0.05310346  0.2791334  -0.2947903  -0.3464433
  0.08308042  0.07928711 -0.10837355  0.13043487 -0.35023844 -0.22310086
  0.2309054   0.20719595  0.01740576  0.19763187  0.34391835 -0.05616065
 -0.09531747  0.00143742 -0.17689088  0.07111481 -0.20123146 -0.2971873
  0.22896822 -0.20013225  0.24706407  0.2534028   0.28751686  0.2666062
  0.19174913 -0.27150685  0.22285028  0.03455357  0.05696691 -0.15974756
 -0.33578694 -0.3198188   0.0387704   0.26772082  0.2257994   0.15893729
 -0.24935393  0.21774426 -0.12538667 -0.18050972 -0.2997254   0.07347565
  0.06244639  0.1457231  -0.13530637  0.08151726 -0.0784457   0.18299116
  0.2228938  -0.27064484  0.25562564 -0.29120827  0.32319367 -0.35732377
 -0.19569877 -0.17916912  0.11593021 -0.26426885 -0.20488623 -0.07867039
  0.1730882  -0.17701119 -0.01072833 -0.23562855  0.13991787  0.30886605
  0.20345652  0.20032442 -0.14001514 -0.01239564 -0.3195977  -0.07934121
 -0.11593267  0.28568828 -0.1675183   0.28297216 -0.16171779 -0.07202634
  0.27036762 -0.13974525 -0.14766407  0.01609389  0.23791933  0.16018622
  0.12286886  0.256239    0.12407999 -0.11013713  0.16304256  0.3527082
  0.21691498 -0.11121567 -0.21643132  0.23945929  0.06067045  0.33063203
  0.20665969 -0.06407151  0.25812602  0.10506888  0.13628274  0.33637315
 -0.29313675  0.23813589 -0.09787795 -0.22993496 -0.10869172  0.10183457
  0.07500274 -0.05090652  0.07212225  0.25713357 -0.1883213   0.01502172
 -0.03009685 -0.26225236 -0.02465245  0.22512986 -0.1399847  -0.06874888
 -0.37715384 -0.25026175  0.3207552  -0.01366965  0.19542661 -0.10641436
  0.1431824  -0.0007928  -0.2649071   0.08008926  0.21465366  0.26837265
 -0.26853722 -0.26906934  0.23051268  0.2083519  -0.05347934  0.05080137
 -0.0479518  -0.04634213 -0.27161813 -0.33463195 -0.20066203 -0.3433389
 -0.00239752 -0.28809842  0.33208704 -0.25100338 -0.01320299  0.04512258
  0.21588036  0.317619   -0.28107002  0.2818114  -0.12670994 -0.29249504
  0.20126165  0.02695047  0.16870098 -0.07314858  0.21225618 -0.2602992
  0.25930744  0.2689779   0.32039478  0.21495286 -0.07209948  0.24829142]
prince: [-0.10127696 -0.22510824  0.33741173 -0.11758713 -0.2516683   0.19540583
  0.21959074 -0.36844587  0.19874705  0.21883088  0.10477948 -0.19421422
  0.12076833  0.02221874  0.2342747  -0.0701423   0.24020681 -0.2484529
 -0.20242856  0.22241746 -0.24233858  0.14813067  0.02118858 -0.1261252
 -0.2762942   0.28670105 -0.21796668  0.07626703  0.17006892 -0.00635053
 -0.3883144   0.24325457  0.01119642 -0.30962723 -0.20067193 -0.03067718
  0.09686735 -0.12178726 -0.18990733 -0.15727621  0.0622524  -0.21852042
 -0.25433633  0.11566976 -0.33602774  0.21582752  0.05965523  0.3137201
  0.07585186 -0.03812584 -0.0034041  -0.17055078  0.25715932  0.15093914
 -0.27398577  0.3389987  -0.2768977   0.40941757  0.34030408 -0.25486118
 -0.14645015  0.1698796   0.25404078  0.32795262  0.30550984  0.06124423
  0.1372893  -0.25753814  0.14455399  0.10606413 -0.05139253  0.3907635
 -0.01934621  0.03236071  0.01613875  0.17015897 -0.06482138  0.24271591
  0.09522253 -0.0908957   0.20224653 -0.27976143 -0.08137077  0.3031215
  0.22862226  0.09231333  0.31498465 -0.18436229 -0.29353723  0.31428516
  0.18759385  0.19927959  0.07742884 -0.35096994 -0.01144401  0.29663438
  0.22973484 -0.32360122  0.21348232 -0.1367535  -0.32589185  0.17349274
  0.07719351 -0.13363667  0.2588638   0.30357134 -0.31923857  0.00271803
  0.28834835 -0.05271081 -0.2943226  -0.03558981  0.14876075  0.00322171
 -0.30595097 -0.00968394 -0.24054357  0.22029062  0.27854     0.30709213
  0.1828465  -0.3203506  -0.29257122  0.01112712  0.3025586  -0.14204453
 -0.21580458 -0.04210982  0.09369042 -0.03602458 -0.28681663  0.20311408
 -0.20217793 -0.2822486   0.0418247   0.3003452   0.1650557  -0.05822186
  0.29084897 -0.00752658 -0.05516544  0.14076848  0.00050282 -0.07924936
  0.16327532  0.02412526  0.03281071  0.17001368 -0.14745185 -0.27683908
  0.2433999  -0.05877363  0.04746836 -0.29557213 -0.23620881 -0.22979686
 -0.17634903  0.21048029 -0.21851866  0.25855088 -0.10184544 -0.29255006
  0.2280898   0.2303218  -0.33145446 -0.37141165  0.23394679  0.2498785
 -0.1289162   0.2734499  -0.2668706   0.04498263  0.20532759 -0.19597137
 -0.1833173   0.2571076   0.23506685 -0.11994296  0.03946039 -0.2132654
  0.0607875   0.22412895  0.32702616 -0.28336743 -0.18523183 -0.13269432
 -0.10158598 -0.23522526  0.1590442  -0.2081652   0.2466447  -0.29274854
  0.2418335  -0.26734218  0.14270072 -0.04030721  0.28111723  0.22299334
  0.07520273 -0.10861008 -0.02128381  0.3193413  -0.17486686 -0.2928896
 -0.29623854 -0.00806099 -0.15514909  0.3228502   0.30265576  0.28691587
  0.13815829 -0.2163205   0.12126295  0.09091081  0.2517097   0.20808057
 -0.06128785 -0.13928375 -0.3228326   0.24490361  0.28190216  0.26762578
  0.05785777  0.2773882   0.15378189  0.16355482 -0.2705833  -0.20099641
  0.13334377  0.10926908 -0.32492033  0.30479774  0.21511063 -0.3607969
  0.00654026  0.298971    0.33136263  0.2144185  -0.3321214   0.09502678
 -0.27394575  0.11252018  0.22624633 -0.30907163 -0.11489303  0.30359745
 -0.12467092 -0.01538609 -0.22399497  0.03615174 -0.28078791  0.21165942
  0.24751204 -0.19617969 -0.24818237  0.06799024 -0.17694965  0.2750391
  0.15624525  0.11861225  0.2654181   0.15555419 -0.29026887 -0.27622578
 -0.01455728 -0.25875238  0.19800651  0.15260263  0.33555037  0.31812024
 -0.15576296  0.22744134 -0.1353551   0.33105376 -0.33452597 -0.03966044
 -0.34828216  0.301671   -0.07947787  0.18802586 -0.25380188 -0.07038204
 -0.14580038 -0.2312093  -0.22653633 -0.20813403  0.29708567 -0.28199327
  0.15821314 -0.16157548 -0.26207563 -0.30164042  0.05482911 -0.01310831
 -0.02283181  0.19764587  0.18328544  0.1428452  -0.3098395  -0.30806231]
princess: [-1.18400395e-01 -2.30808835e-02 -3.06706309e-01  2.84974039e-01
 -1.80157691e-01 -2.68836319e-01  2.53006607e-01 -1.56479210e-01
  1.38414875e-01  2.78583556e-01 -4.64802124e-02  2.80245364e-01
 -3.07679683e-01 -1.88674092e-01 -4.01375979e-01  1.88574195e-01
 -2.25895986e-01  2.44411856e-01  3.41920346e-01 -1.71486542e-01
  2.33054996e-01 -3.00853819e-01  2.23761499e-01  3.51626694e-01
  2.50806570e-01 -2.47279480e-01  2.19107643e-01 -2.30796203e-01
 -2.65669554e-01 -2.18633600e-02  2.66618639e-01 -3.84257346e-01
  9.44975913e-02 -2.43614823e-01  3.21379781e-01  1.53160885e-01
  3.10555808e-02  2.17444941e-01  2.44609982e-01 -1.64733693e-01
  2.27247342e-01  2.96473503e-01 -2.56054938e-01 -2.44605348e-01
 -2.67745107e-01 -6.68071732e-02  4.15222757e-02 -1.99428439e-01
  2.87631080e-02  1.52714048e-02 -3.69102180e-01  3.02922517e-01
 -3.01232301e-02  2.59552198e-03  2.35737354e-01  2.36097321e-01
  3.04459661e-01  2.93990761e-01  3.00201476e-01  3.30640584e-01
 -5.69098033e-02 -2.49785408e-01  2.82699075e-02 -2.18105555e-01
 -1.72648355e-01  1.48928821e-01  2.56188273e-01 -3.83430459e-02
 -2.97772616e-01 -3.50984216e-01 -2.18282957e-02  8.37896168e-02
 -2.66511142e-01 -2.10527435e-01  1.17092974e-01 -2.26712614e-01
  1.54902592e-01 -1.30144805e-01 -1.13208048e-01 -1.64744239e-02
  3.09912622e-01  2.25665659e-01  3.50604445e-01 -1.27046525e-01
  7.38902241e-02  2.23034456e-01  2.70622075e-01 -2.98202485e-01
  2.03026030e-02 -1.21525101e-01 -2.70707726e-01  3.25030833e-01
 -2.39104286e-01  2.04470083e-01 -2.93845773e-01 -2.27862448e-01
 -1.10280421e-02  2.38273248e-01 -2.06801429e-01  2.84304768e-01
 -9.77507699e-03  1.66586965e-01 -1.76291853e-01 -3.40475500e-01
  5.68982512e-02 -2.80641913e-01  7.21835345e-02  3.30335438e-01
 -4.01729867e-02  3.04829478e-01  2.78729588e-01  3.14832479e-01
 -1.29121885e-01  1.20234489e-01  1.26732126e-01 -2.70529658e-01
  2.97850929e-02  1.82176143e-01  2.45196596e-01 -7.64106661e-02
 -1.64517701e-01  2.91771710e-01 -3.24946851e-01  2.87523687e-01
 -1.35879889e-01 -2.97422916e-01  1.43779069e-01  3.42998475e-01
  2.58473992e-01  2.60255635e-01  2.47461542e-01  6.31793886e-02
  8.56807604e-02  1.55315310e-01 -2.83234596e-01 -2.42403105e-01
  5.26765473e-02  3.56221735e-01 -1.96491793e-01 -6.79823458e-02
 -1.74277448e-04  2.18722954e-01 -1.42027244e-01  3.10526431e-01
 -2.07245901e-01 -1.70729786e-01  3.28665115e-02  3.06034833e-01
  6.61978349e-02 -1.97420657e-01 -3.15605611e-01  2.31148615e-01
 -1.83328334e-02  2.43646726e-01 -2.93468177e-01 -2.82702774e-01
  1.24972433e-01  1.47726715e-01  2.60078013e-01 -1.88802913e-01
  1.56317934e-01  2.04279542e-01  1.58913314e-01  2.37727925e-01
  2.57992834e-01  2.11187512e-01 -1.77893966e-01 -3.11138123e-01
 -3.88025073e-03 -3.00809473e-01  1.74061686e-01 -3.02114755e-01
 -3.50034148e-01  5.57491817e-02 -1.74564287e-01  3.13539833e-01
  1.18703239e-01  2.94251889e-01  2.54953802e-01 -1.61861956e-01
 -2.05218419e-01 -1.31076023e-01 -2.11668804e-01 -2.68644273e-01
  2.07201973e-01  1.35569442e-02 -1.12618290e-01  2.66864091e-01
 -2.86220670e-01 -2.73422807e-01  2.41708547e-01  2.51560956e-01
  1.49569839e-01  4.22762036e-02 -2.42391109e-01 -2.66407639e-01
  2.30971798e-01  3.45775336e-01  7.77428374e-02  3.24281335e-01
  1.99603915e-01 -9.46863517e-02  1.83090165e-01  1.72275141e-01
  3.15426469e-01 -3.22209716e-01  2.79036492e-01  1.70040891e-01
 -8.88999626e-02 -3.18908960e-01  6.01289328e-03  1.16020769e-01
 -7.68651739e-02 -2.50145853e-01  1.82362825e-01 -2.81539172e-01
 -1.33386299e-01  2.70025015e-01 -3.37484896e-01  2.61230975e-01
 -2.56190419e-01  2.87037909e-01  1.90377578e-01  5.46537414e-02
 -1.61501914e-01  2.72440970e-01 -1.30725801e-01 -1.46902740e-01
  5.47354184e-02  8.14323127e-02 -2.05444112e-01 -1.93095908e-01
 -2.91633129e-01 -1.98732585e-01 -1.38000190e-01 -2.91478038e-01
  2.05030758e-03 -2.64833272e-01  2.61630386e-01 -2.70915538e-01
 -2.14118749e-01  8.54617506e-02  1.43184319e-01 -1.22560814e-01
 -1.23189770e-01 -6.79171979e-02 -9.00207832e-02  2.50616014e-01
 -8.82536918e-02 -2.26398006e-01  2.76469380e-01 -2.11834028e-01
 -3.31817120e-01 -3.16618443e-01  5.32541983e-02 -4.29738685e-02
  6.64570741e-03  2.29116961e-01 -1.04903989e-01  7.12615401e-02
 -2.42331564e-01  2.78615773e-01 -1.03347912e-01  2.40632474e-01
 -1.44307107e-01 -4.16757027e-03 -2.36388400e-01  1.36325672e-01
 -3.02615792e-01 -3.09956282e-01 -2.92545438e-01  4.55677509e-02
  9.99290869e-02 -2.72555083e-01  2.97243595e-02  7.13827908e-02
 -2.45910674e-01 -1.30445942e-01  2.87409216e-01  1.37623353e-02
  2.88618505e-01  5.82937151e-02  8.07897970e-02  1.52919441e-01
  2.44594350e-01  2.02809840e-01 -3.48304272e-01  2.24770904e-01
 -2.32714087e-01  3.26788604e-01 -3.61055702e-01  2.84674466e-01
  1.67843908e-01  2.74514705e-02 -3.50715034e-02 -2.24467367e-01
  1.21193014e-01 -3.33260179e-01  1.37249470e-01  3.13901871e-01]
queen: [-0.16750258  0.31523743 -0.08627816  0.11142439  0.1464086  -0.29655907
  0.3056706  -0.04232003  0.21914485 -0.3152243  -0.40283424  0.33713678
 -0.15648985 -0.02018401 -0.18671212  0.02169856  0.2586164  -0.01749524
 -0.29954928 -0.01745341 -0.01257422 -0.18771482  0.06104634  0.22485052
 -0.002818   -0.24219596 -0.04365532 -0.13786471 -0.2592967   0.27553746
 -0.19014126 -0.03207253 -0.2830697  -0.18798728  0.04837664  0.12097757
 -0.01467169 -0.19002648 -0.10302542  0.18280922 -0.24589558  0.12470564
 -0.0085353  -0.21145917  0.10875643 -0.25477937 -0.16111729 -0.23913112
 -0.00260437 -0.01924175  0.02041099  0.2310183   0.01332633 -0.13351704
  0.18683887 -0.02148895  0.04674135  0.03595826 -0.24634528  0.01485816
 -0.30375424 -0.14791398  0.08091561  0.18879609 -0.2075033  -0.17559941
  0.23696472  0.20561516 -0.16121198 -0.02696437 -0.16177699 -0.22821362
  0.02963827  0.2869153   0.18423033 -0.1684523   0.22241062 -0.0576147
  0.28871375  0.17506221 -0.15684868 -0.3484007   0.08928704 -0.15066212
 -0.35166794 -0.08267048 -0.31275946 -0.29417428  0.00217101 -0.18120602
 -0.3403238  -0.3060728  -0.16203944 -0.14805366  0.04059016 -0.2285618
 -0.21636266  0.0717264  -0.05818612 -0.02647671  0.25186557 -0.1439654
  0.22574207  0.27599278  0.32398114  0.11469898 -0.27498472 -0.0033621
  0.21991585 -0.27100274 -0.27680123 -0.15259808  0.06952801 -0.25859007
  0.16961293  0.3240109  -0.11046779 -0.26774633  0.08690339 -0.04707554
 -0.29002294 -0.22956991  0.20067081 -0.2229962   0.4884999   0.23448892
  0.04218639 -0.26044318 -0.12948129 -0.15177958 -0.02782048 -0.29400292
 -0.25371048  0.23803584  0.03551998 -0.18688093 -0.2559102   0.2631346
 -0.15927556  0.04186458 -0.20561671  0.00848807  0.34238994 -0.0904546
  0.23770916 -0.25638667 -0.1401608  -0.11556066  0.30774742  0.2512201
 -0.12527908 -0.1649331  -0.11131308 -0.18642245  0.07325939 -0.1830156
 -0.08876342 -0.23327328 -0.26249984  0.33830622  0.23963384  0.08407087
  0.19170551 -0.14306588 -0.3690284  -0.24118507 -0.12941137 -0.2943828
  0.26841855 -0.24669337  0.22813173  0.11575267  0.2221903  -0.30264232
  0.29846266 -0.25322247 -0.28231508  0.23199497 -0.03029454  0.1102222
  0.22316425 -0.13916275 -0.18539256 -0.2245431   0.06514558 -0.08765193
  0.20454061 -0.33872133  0.13547893 -0.00439676 -0.3125229   0.28097382
 -0.0413297   0.24233046 -0.08343659  0.27293316 -0.14182055  0.13645914
 -0.13458231  0.03604929 -0.17888099 -0.10044316 -0.2112756   0.12817557
  0.35837987  0.2509056  -0.2554071   0.06483024 -0.13136615  0.26389566
  0.23832846  0.26435605  0.3362155   0.30330545 -0.28147805 -0.13051149
  0.34734857  0.11691136  0.13690287 -0.2915307   0.06653938 -0.06381587
  0.2916395  -0.32295024 -0.18918194  0.25033835  0.20944321  0.11311024
 -0.26518384  0.06840809 -0.3544149  -0.19745639 -0.0774381   0.22935624
  0.26917     0.21929856  0.00096306  0.14838015 -0.09963365  0.2342512
  0.25363755 -0.03644395 -0.13661794  0.22694616  0.0776322  -0.18987738
  0.1551917  -0.16703248 -0.20877534  0.28845215  0.21317512 -0.22041996
 -0.11892219  0.16140635 -0.22437552 -0.21407641 -0.24952106 -0.30458608
  0.13088384  0.29055542 -0.26937357  0.10524796  0.06120555  0.32020023
 -0.14979413  0.0224872  -0.07007178 -0.28760576  0.00615916 -0.1816452
  0.11164891 -0.11182974  0.26358387 -0.24661064  0.14120269  0.4199423
  0.14793545  0.07951003  0.14019294  0.255607    0.25269502 -0.19285853
  0.19128127  0.3265225   0.20722593  0.14958484 -0.19403349  0.00843588
  0.40377417  0.22299816  0.22659983  0.27917686 -0.22394489  0.1518336
 -0.09558377 -0.20038165 -0.22071686  0.11768272 -0.2544654  -0.32480592]
realm: [ 0.2066648   0.02709272 -0.0747762   0.12050324  0.25781628 -0.19484453
  0.15170833  0.04931053 -0.19561525  0.2589405  -0.25712648  0.21305458
  0.00401766 -0.26701275 -0.24482596 -0.25823295  0.02153548 -0.2736035
 -0.32199225  0.19306122  0.02222853  0.03173175  0.15566155 -0.02066186
 -0.0066222  -0.00300249 -0.23129497 -0.24554689  0.3709542  -0.3139141
 -0.23804167  0.11882503 -0.21462323 -0.02535635 -0.03646721 -0.1189603
  0.02307502 -0.19755587 -0.21068776  0.04476798 -0.22059356 -0.20540552
  0.13615304  0.22056147  0.2863835  -0.28657556  0.25984854 -0.24185118
 -0.07800668  0.27771106 -0.0297596   0.13647237  0.07294775 -0.16542134
  0.17970912  0.11219947 -0.06153314 -0.11885533 -0.06336098 -0.06838981
 -0.06761261  0.03225207  0.19790027  0.16494696 -0.12989704 -0.06323361
  0.18750073  0.26397467  0.17871192  0.29870495 -0.20987976 -0.2606754
 -0.14413133 -0.20404434  0.10953598  0.15926343  0.27629757  0.3128426
 -0.01732543  0.23894964 -0.16658652  0.08460211 -0.26012075  0.07082404
 -0.09016605  0.19232993  0.33891612 -0.2893427   0.13907328 -0.24437633
 -0.09776885 -0.08955722  0.20684363 -0.03036431 -0.1124061  -0.07624278
  0.00294155  0.24831384  0.05728314 -0.26500344  0.2529589  -0.16772501
  0.24716794  0.3243911   0.14474237  0.08117969 -0.26294437 -0.05535826
  0.200901    0.26546985  0.24742745  0.23950925  0.1666285  -0.19528362
  0.07987841  0.2522358  -0.255917    0.26749745 -0.05200131  0.12411463
  0.27748913 -0.2184907   0.01880408 -0.122659   -0.17864808  0.2589289
  0.08605383 -0.22433764 -0.19638014 -0.21073665  0.32915908 -0.22653136
 -0.11797558  0.33533454  0.2197346   0.00723797 -0.16648908  0.07441471
 -0.10182267 -0.25045028  0.02874849 -0.03209383 -0.15352827 -0.09778631
  0.27706409  0.2137274  -0.16769774 -0.04543486  0.06334688  0.22503804
 -0.26485935  0.2792084  -0.09482355  0.12243776 -0.2874022  -0.05262985
 -0.20528151 -0.17647445 -0.05194462  0.18672656 -0.39327088 -0.3016632
  0.3874731  -0.08561464 -0.11842253 -0.22211339  0.02407718 -0.00151742
  0.1408402   0.05821344  0.21367672  0.01251042  0.17452954 -0.26774782
  0.2575132  -0.02097892  0.06754468 -0.19310254 -0.06539514  0.26485223
 -0.3772358   0.17238785 -0.19732885 -0.2677269  -0.06411826  0.24641332
  0.30727765 -0.04768334 -0.04572031  0.21410438  0.29626793  0.1099748
 -0.2090522   0.15714426  0.1885252   0.14170456 -0.28939506 -0.26553985
 -0.00242665 -0.3374077  -0.18936965 -0.14963335 -0.09025377 -0.17975236
  0.2371006  -0.05086209  0.2587747  -0.32207078  0.1417971   0.01298015
  0.16378008  0.12157185  0.2538666   0.23727731 -0.24898537  0.06764577
  0.14744355  0.21095757 -0.0059754  -0.19739361 -0.00852556 -0.27196333
 -0.10456542 -0.24495974  0.00280477  0.13731954  0.14591028  0.14135256
 -0.06935672  0.1278557   0.17441666 -0.03627883 -0.18752262  0.19987103
  0.10795038  0.27112246  0.31595406  0.25086868  0.18753158  0.14181067
 -0.38796136 -0.16368997  0.00800545 -0.2644575   0.22272573 -0.11434151
  0.06675876 -0.30730608 -0.22168799 -0.10970873  0.03335889 -0.24820092
  0.08457834  0.27704892 -0.21953969 -0.10475361 -0.15790561 -0.12635753
  0.17943381  0.2893521  -0.24686095  0.32495815 -0.08843604  0.12083048
  0.25169638  0.19872575 -0.27068132 -0.20404363 -0.08189274  0.08717685
 -0.09065762  0.28476527  0.26669952  0.02886657 -0.17678136  0.307371
  0.00449181  0.27757394  0.09792395  0.24586166 -0.0211734  -0.12600178
  0.23497579 -0.02769018 -0.27546903  0.10406476  0.16289528 -0.16124955
  0.05686349 -0.27836078  0.2046241   0.21842995 -0.20583269 -0.0556335
 -0.02190885  0.1589426  -0.17306377  0.24936    -0.23816083  0.23389074]
royal: [-0.3668832   0.18980575 -0.14345056  0.09175353  0.03192675 -0.23081703
  0.12774593 -0.28136677  0.21747771 -0.24225926  0.31866062  0.20028354
 -0.09978265  0.02285951 -0.2063047  -0.00516746  0.05871413 -0.1419949
  0.05416868  0.07869474  0.27994564  0.04787583  0.1843922   0.30116618
  0.23506327  0.34511667 -0.26480958 -0.08797497 -0.07346712 -0.34555975
 -0.12629524  0.2665937  -0.07614969 -0.00871535 -0.23862028 -0.28384894
  0.00163683 -0.22263333 -0.03846038  0.15755877 -0.09900241 -0.29572016
 -0.10585808  0.31780627 -0.13061357 -0.29135704 -0.23797238  0.23275952
 -0.00657831  0.12278625 -0.03123485  0.17223448  0.01865561  0.14038545
  0.16653773 -0.14098303 -0.09823418 -0.11834668  0.303332   -0.09088583
  0.20781034 -0.14673816  0.10261977  0.33968258  0.05188862 -0.11298368
  0.22742748  0.22148034  0.13119885  0.1598116   0.04790688 -0.07563496
  0.03085803  0.0771214   0.13852249  0.0320786  -0.19332999  0.07174914
  0.25528267 -0.02770709 -0.18216978  0.32425958 -0.24848385 -0.17882204
 -0.10941871 -0.0367942  -0.07163557  0.36672294 -0.21087027  0.21604209
 -0.10269181 -0.0291193   0.03151476 -0.29997253 -0.31585696  0.12571084
 -0.0191009   0.16535161 -0.11001868 -0.22323865  0.12160863 -0.20905101
  0.32836643  0.20156243 -0.1232638   0.2616763  -0.27920502  0.20922667
 -0.14638464  0.02195543 -0.0463966  -0.272705    0.14510615 -0.13750559
  0.25250676 -0.0133198  -0.13697776 -0.01347242  0.3059505   0.07781066
  0.3765342   0.2584306  -0.1870737  -0.04336986  0.06600528  0.30234706
  0.03014398  0.18988118 -0.29445985  0.04252995 -0.29355016 -0.2056821
 -0.05794969 -0.17976406 -0.00352149 -0.25821698 -0.08626971 -0.09644802
  0.03167783 -0.08945468  0.16944431 -0.250585    0.12358773 -0.17301226
  0.30509073 -0.18541692  0.3541237   0.30699354  0.10961343  0.14106657
 -0.04869569  0.24596952 -0.21555416  0.31034866 -0.00656755 -0.27357966
 -0.11769612 -0.05834717 -0.1850623  -0.22376402  0.25417516 -0.1748741
  0.2263009  -0.09196844 -0.03653115 -0.10988659 -0.19577233 -0.22174035
  0.05614253  0.04728651  0.16837636  0.22653793  0.23887591 -0.28497002
  0.22856274 -0.22835256 -0.04754468  0.2497612  -0.2734786   0.04634449
 -0.06245577 -0.1172915  -0.08672306  0.00845538 -0.09515195  0.16767852
  0.27884433 -0.24410082  0.30803904  0.01583398 -0.22001913 -0.0015353
 -0.2805196   0.17696126  0.20687094  0.21762763 -0.00606205  0.04240838
 -0.1036359  -0.2048288   0.25727445 -0.122685   -0.03433223  0.2509077
  0.26162177  0.21470788 -0.1965251  -0.14670724 -0.21459426  0.24923572
  0.2034223   0.21640667  0.18930241  0.06440225 -0.03429202 -0.07106411
  0.01432312 -0.21107781  0.1999648  -0.07147239  0.21159808 -0.26921353
 -0.13200901 -0.0225718   0.1778013   0.17461786 -0.17304629  0.3053363
 -0.26362032  0.08535519 -0.24636167 -0.21274434 -0.1566912  -0.15374252
  0.2848317   0.19473124  0.21481486  0.28685868 -0.28793392  0.19929664
  0.1991129  -0.15713595 -0.27196693 -0.25023556  0.20786886  0.21130668
 -0.22723219 -0.2877227  -0.04002032  0.16844144  0.04368074  0.30576202
  0.09171591  0.17845418 -0.24483038 -0.06044409 -0.03556438  0.36370227
 -0.17143494 -0.29061094  0.12484397 -0.26699525  0.25306052 -0.11660652
  0.09606843  0.09939121 -0.15216413 -0.26377106  0.27613083 -0.01619404
 -0.09430261 -0.04788812  0.21837044  0.03030673 -0.08528682 -0.15448967
  0.2793446   0.24277663  0.17206559  0.1465289   0.19558102 -0.04693573
  0.02865086 -0.0190191  -0.28335118 -0.3318811  -0.22526711 -0.11639225
  0.074182   -0.00680464 -0.05545125 -0.27465093 -0.19945082  0.2868346
 -0.2406117  -0.09325977 -0.18208161 -0.09453372  0.35424232 -0.2076448 ]
rule: [ 1.87367514e-01 -2.45779678e-01  4.10930701e-02 -1.19788975e-01
 -1.91729888e-01  1.61746398e-01 -4.73391972e-02  1.04742877e-01
 -3.11942846e-01  1.60147086e-01  2.82951504e-01 -1.08344443e-01
  1.99269950e-01 -4.43526134e-02 -1.80101499e-01 -3.34141165e-01
 -6.39214441e-02 -2.87667841e-01  2.41776835e-02  2.18881607e-01
 -1.40040061e-02  2.34218806e-01 -5.41204438e-02  1.14829242e-01
  2.43486732e-01 -3.50946328e-03 -4.51018550e-02 -2.99783617e-01
 -4.35972437e-02 -5.34632243e-02  7.15297014e-02  1.38510078e-01
 -2.62443900e-01  2.80016571e-01 -8.89905319e-02  9.12943929e-02
 -1.32357717e-01 -2.12418437e-01  1.03655882e-01 -1.08349495e-01
 -3.42485696e-01  3.03961299e-02  2.65837282e-01  1.64904833e-01
 -8.27574113e-04 -2.39725024e-01  3.11099142e-01  6.71582818e-02
 -8.33211988e-02 -2.23483771e-01 -1.81010932e-01 -2.92974383e-01
 -2.57491469e-01  1.26566440e-01 -1.50606424e-01  2.91266888e-01
 -2.38971025e-01 -4.86824065e-02 -1.48483664e-01 -2.18936056e-01
  1.19913250e-01 -1.50129810e-01  7.38829225e-02  1.89481288e-01
  2.98393846e-01 -7.27782771e-02  1.37720168e-01 -1.63470060e-01
  1.55278832e-01  1.07109055e-01 -1.78214476e-01 -3.76432762e-02
 -3.34279031e-01 -3.10086280e-01  1.69725761e-01  2.83861816e-01
 -4.66051325e-02 -6.68969303e-02 -1.69480201e-02 -2.47869134e-01
  1.41790494e-01  1.78688675e-01  2.44688898e-01  1.83717400e-01
 -1.03786156e-01  2.52660394e-01 -2.02478021e-01 -1.54491827e-01
 -2.40602061e-01  2.72787958e-01  2.53886253e-01 -2.55671471e-01
  1.36046365e-01 -3.23489994e-01  1.84716150e-01 -4.89163101e-02
  3.50059032e-01 -3.11566293e-01  2.37302676e-01  2.37952709e-01
 -1.01207532e-01  4.62545007e-02 -8.68901312e-02 -8.46961960e-02
 -3.25606823e-01  3.61165218e-02 -2.75675595e-01  3.30071926e-01
  3.74174595e-01  2.00842991e-01 -7.26440102e-02 -3.22503154e-03
 -3.18041854e-02  4.29615229e-02  2.90724695e-01 -9.29930732e-02
  8.61643031e-02 -1.07390702e-01  3.73901129e-01  1.55565329e-02
  2.27416277e-01 -3.43386026e-04 -3.60826522e-01 -1.86891884e-01
 -1.96052939e-01  2.47471081e-03  5.05888425e-02 -5.82396984e-02
 -9.24788788e-02 -1.78905517e-01  2.31351018e-01 -5.07007428e-02
 -2.34908178e-01 -2.16635108e-01 -3.14880431e-01 -2.99058799e-02
  1.40076980e-01 -3.72976452e-01  2.52027452e-01 -2.22750381e-01
  4.33928445e-02 -2.82794476e-01 -2.64758557e-01 -1.43268347e-01
 -1.66023776e-01  2.30442882e-01  3.76422331e-02  2.93538392e-01
  3.45366374e-02  6.67875772e-03 -1.25620067e-01  1.32171974e-01
 -2.68524587e-01  3.62656355e-01 -7.87224174e-02  9.81947854e-02
  2.77829826e-01  3.09797734e-01  6.38066083e-02 -8.93683285e-02
  1.87051040e-03  2.71254510e-01  3.17980438e-01  5.96191064e-02
  1.38356850e-01 -1.90845594e-01 -2.64804393e-01  2.40239337e-01
  5.28884530e-02 -2.37169728e-01  1.02164760e-01 -1.01316214e-01
  1.88135162e-01  2.20911413e-01 -1.42221853e-01 -2.72396356e-01
  5.29238582e-02  3.49982083e-01 -2.68567085e-01  3.66734207e-01
 -2.65850037e-01  1.58977628e-01 -1.97821204e-02  1.54018626e-01
  2.44193956e-01 -1.18155200e-02  1.90485165e-01  1.87806025e-01
 -1.31019518e-01  3.42657357e-01  2.26831511e-01  2.21182376e-01
 -1.05998904e-01  1.47488415e-01  2.31269822e-01 -1.75480127e-01
 -1.64964750e-01 -3.25641721e-01 -8.40323120e-02  1.44236773e-01
 -3.36632997e-01 -2.06123248e-01  1.16306238e-01  2.37091511e-01
  2.26563692e-01 -7.23716170e-02  1.50988460e-01 -1.25878409e-01
  1.01738356e-01  1.98098049e-02  2.56063014e-01  1.11345977e-01
 -1.06544040e-01 -2.48608112e-01 -4.22900058e-02 -1.84373155e-01
 -2.32957341e-02 -2.43042424e-01 -6.10526949e-02  5.29126935e-02
 -2.89502412e-01 -1.98565379e-01 -2.29455233e-01  2.76356071e-01
  1.30263925e-01 -5.64761832e-02  1.91582143e-01  2.26308659e-01
 -1.76801085e-01  2.74363726e-01  1.61857054e-01 -1.83000207e-01
 -1.01711147e-01 -1.48282349e-01  2.50232726e-01 -3.48612249e-01
  2.05229327e-01 -8.81162807e-02  8.97637308e-02 -9.74507779e-02
  2.46146142e-01 -1.76591098e-01 -2.21104816e-01 -1.19936079e-01
 -1.44852012e-01  1.34876400e-01  2.67140478e-01  1.86043456e-01
  2.92078495e-01 -1.10803999e-01  2.56918818e-01  7.03753456e-02
  3.56475651e-01  4.36528511e-02  2.84516990e-01 -1.65428102e-01
 -1.55632019e-01  1.89004734e-01 -1.50529787e-01  2.77653635e-01
  2.48577833e-01  2.29496341e-02  2.29488492e-01 -1.03018396e-01
  7.02160373e-02  2.60832965e-01 -1.10935003e-01  6.27638921e-02
 -3.59327018e-01  1.54284807e-02  2.28933305e-01 -1.72277912e-01
  2.50870019e-01 -4.68133055e-02  2.71946132e-01  6.78121969e-02
  4.82062995e-02  6.87637925e-02  1.27872899e-01 -1.83523551e-01
  2.02791527e-01  5.55150919e-02 -2.86352932e-01 -1.09009534e-01
 -2.81610757e-01  2.81919301e-01  8.02889913e-02 -9.38997939e-02
 -2.64033169e-01 -2.08346397e-01 -1.90572977e-01  1.99893728e-01
 -2.93744653e-01  3.82645249e-01 -2.63654828e-01 -5.10958098e-02
 -3.15250874e-01 -1.63779244e-01 -1.38203790e-02 -1.69560462e-01]
son: [-0.02671521  0.17612214 -0.11163543  0.08746795 -0.14358096 -0.2644862
 -0.23881757  0.31010768 -0.27594432  0.22808011 -0.11267637 -0.00126614
 -0.24329227  0.18901585  0.1545226   0.30264634 -0.06961773  0.14197358
  0.23382312  0.19937487  0.07526769  0.22523871 -0.27906027 -0.02816293
 -0.07856207  0.21876213  0.09782106  0.17136529  0.21976759  0.15642203
  0.11334689  0.14259891  0.2856678   0.02210847 -0.2748949  -0.19448243
 -0.24169347  0.13093801 -0.15492776  0.02850679 -0.11110665  0.09208354
  0.23738271 -0.23454787  0.28749904  0.15854128 -0.28261888 -0.11619498
 -0.29079407 -0.06317231 -0.14159785 -0.00900767 -0.06736716 -0.03087206
 -0.09455375  0.14189975  0.1474837  -0.20434925 -0.20943157 -0.03261956
  0.00058088  0.23167604 -0.2815148  -0.26755112 -0.12204444 -0.02761158
 -0.21526037  0.27335912 -0.06521104 -0.14673108  0.09513664 -0.12676977
 -0.03718976  0.24709626 -0.05479083  0.08509728  0.16664831 -0.29983574
 -0.17696589  0.00456503 -0.13644695  0.16533448 -0.11025344  0.16635868
 -0.19888861 -0.03980175 -0.2093071   0.16238245  0.29046914  0.26901886
  0.03466059  0.04636917 -0.1212116   0.03860649 -0.03707244  0.10488287
  0.02712796 -0.21713671 -0.25993568 -0.22024716  0.0864859  -0.11168371
 -0.02365434  0.06752223 -0.3065621  -0.03780732  0.00870971 -0.26462352
 -0.27205268  0.07233302  0.23853348 -0.03234922  0.11786882 -0.0853468
 -0.31668526 -0.10287883  0.02882976  0.28467712 -0.04173665  0.03204541
  0.00689168  0.01600789  0.13026765  0.32054248 -0.0420753   0.03702635
  0.04340877  0.13663505  0.02677852  0.06703616  0.2260113  -0.11446292
  0.2685411  -0.15480095  0.00382739  0.06113911 -0.23427299  0.13822573
  0.15785217  0.09877719  0.15614054 -0.17157067 -0.23764528  0.03212276
  0.00955017  0.26674986 -0.02243289  0.24262132  0.35581467  0.19460098
 -0.04109158 -0.00281586 -0.10361571  0.13995457  0.29261932  0.22792469
 -0.09477201 -0.05978657  0.16658212 -0.14898007 -0.05959856 -0.17229067
 -0.08953809 -0.02987129  0.11104026  0.24708742  0.20350918  0.04091059
 -0.1605182   0.26350954 -0.18145883  0.13443856 -0.28804082 -0.10547136
  0.0880142   0.01309692  0.13580994 -0.22255735 -0.21064925  0.00202686
 -0.05060224  0.0614946   0.22196618  0.21604344 -0.05547625  0.10202996
  0.12774423 -0.22129889 -0.15138064 -0.26012805 -0.10741501 -0.27857557
  0.12307891 -0.0440874  -0.14107442  0.07999634 -0.10893105 -0.0548983
  0.11976252 -0.05797132 -0.13846625 -0.16838679 -0.06383838 -0.10660234
 -0.07534613  0.2263602   0.18046407 -0.13893647 -0.1725461  -0.18072757
 -0.06167318 -0.25602895  0.02532621  0.26281524  0.29596046  0.20368418
  0.22529535 -0.19011283  0.10473764 -0.26613113  0.14118911  0.07429273
 -0.01687261 -0.19554469 -0.1985738  -0.16293919  0.10969082 -0.30483052
  0.0117703  -0.13395785  0.1687277   0.16462617  0.16873617 -0.02161941
 -0.16323    -0.30859372 -0.19666792 -0.19497263 -0.05533335  0.14047709
  0.08339585  0.00178048  0.01173164 -0.13606435 -0.05230511  0.05251416
  0.23125449  0.19542636  0.01585418 -0.22337058 -0.21482584 -0.03332932
  0.05095242 -0.11000203 -0.07513542  0.2294074   0.05927595  0.04589962
  0.23477718 -0.23634316  0.09721844 -0.1227572  -0.18224612  0.14872602
  0.24392113  0.31714004  0.04150531  0.17470343 -0.25258577  0.02992431
 -0.23241939 -0.28263775 -0.16620183 -0.18116315 -0.14684844  0.03291927
  0.21734351 -0.01438883  0.18136339 -0.10345007  0.23792802  0.15519042
  0.2191664   0.20140631 -0.23995826 -0.07000118  0.243287    0.12582329
 -0.03160064 -0.22015782  0.21247499 -0.00743419  0.17797509 -0.28578717
  0.28504887  0.18959346  0.07768523 -0.313895    0.12616757  0.07609189]
strong: [ 0.05318618 -0.02000349 -0.08336113 -0.14854395 -0.08215868 -0.06088997
 -0.00146069  0.36578992 -0.16958234  0.03794621  0.13274023 -0.13879749
 -0.03768243  0.24508215  0.29319143  0.06323177  0.26611182  0.09162069
  0.15215334  0.29418793 -0.09449437  0.09225716 -0.23266327  0.1725901
 -0.24193245  0.21077278  0.12064423  0.24109806  0.2444909  -0.3419294
  0.05404897 -0.05425097  0.09545586  0.25392976 -0.24076733 -0.24009973
 -0.28017455  0.22048345 -0.27760148 -0.21365319  0.04411863 -0.23168492
  0.17591879 -0.18177755  0.07289471  0.25783947 -0.2742128  -0.00288565
 -0.3247969  -0.0067491  -0.07566327 -0.15897535 -0.28420126  0.00125985
 -0.20123556 -0.3125789   0.01471233  0.33355406 -0.19641216 -0.11466193
 -0.05923981  0.0740312  -0.26157779 -0.19105309 -0.12507942  0.04910194
 -0.05076129  0.10434011  0.20145702 -0.14037178  0.11895385 -0.04948232
 -0.08963867  0.18975985  0.05552116  0.29062426  0.2673209  -0.02596469
  0.10388362  0.18203288 -0.1684543   0.42773905 -0.04428332  0.15602265
  0.02200451 -0.21334457  0.04910456  0.20211048 -0.15432915 -0.24756868
  0.29516813  0.21280816  0.02829491 -0.17909567  0.26002443  0.17110881
  0.23152567 -0.10241459  0.07591251  0.1503682  -0.15177949 -0.2833826
 -0.09338178  0.2371522  -0.16202798 -0.10962985  0.25924093  0.0325561
 -0.24239913  0.21988747  0.1949921  -0.10921072  0.11212596 -0.14389826
 -0.24030353  0.18008715 -0.22368135  0.19279149 -0.13790779  0.00176188
  0.22920835  0.14534774  0.0625431   0.1163666   0.01250092  0.24530052
  0.08018143  0.07431916  0.06857409  0.1477237  -0.0761975  -0.3157518
  0.05694238 -0.24611689 -0.02067267  0.20311697 -0.15403709  0.09873308
  0.27267584  0.12516624  0.16040277 -0.1589679   0.00357535  0.12347906
 -0.17706469  0.20035128  0.04729122  0.16109467 -0.05818675  0.25314417
  0.1542103  -0.23632444  0.1923861   0.04655215  0.28443488  0.02077866
 -0.10298982 -0.2645848   0.16367628  0.25755712 -0.21099102 -0.15586752
 -0.15921767 -0.09729379  0.19169873  0.2503396   0.07602327  0.08384169
 -0.23178436  0.07652918 -0.2785506  -0.01629976 -0.19423282  0.27559605
  0.28200015  0.00250659  0.04966255 -0.11964685 -0.27608982  0.31542876
 -0.04440909 -0.3744242  -0.10235064  0.10749514 -0.27350295  0.27294388
 -0.12025166 -0.27837753 -0.2912092  -0.22444527 -0.1948167  -0.32089683
  0.13656433  0.10084625 -0.2374467   0.14148004 -0.15543236 -0.0393525
  0.2737197  -0.05870343  0.00820849  0.20921165 -0.22913013 -0.12962064
 -0.13573113  0.23365776  0.2693816   0.07385253 -0.04036154  0.23373467
 -0.29714844 -0.23376963 -0.30833185  0.13007215  0.09005912  0.23177576
  0.13577954 -0.05668588  0.18633856  0.08456156  0.25667024  0.25085017
 -0.22509795 -0.15620819 -0.14518142 -0.28382552  0.14061275 -0.23128575
  0.0510035  -0.11251067  0.11004394  0.26875955  0.18258129  0.23822384
 -0.1768878  -0.09180031 -0.07539053 -0.08483784 -0.04685595 -0.18944216
  0.22232473  0.12112906  0.18383569 -0.11917479 -0.34913522  0.1777091
  0.0671562   0.10578822 -0.17092903 -0.15641873 -0.16792557 -0.09628435
  0.12982215 -0.2644767  -0.08995431  0.12004197  0.09943159  0.19364686
  0.00327786 -0.07938414  0.03810801 -0.24009883 -0.22543189  0.01191082
 -0.16719049  0.29961786  0.24150854  0.13812162  0.11064112 -0.27685353
  0.06026023  0.21010429 -0.18342085 -0.01849455 -0.24111694 -0.01697524
 -0.2465374   0.18896197  0.11969527 -0.1338814   0.15270881  0.20002742
  0.14685026 -0.10894966 -0.23308304 -0.18118818  0.19026634 -0.06270362
  0.14035134 -0.28068036 -0.21026416 -0.17855974  0.22111799 -0.275716
  0.33126482  0.22749828  0.10874284  0.12837401 -0.10512277  0.28217676]
their: [ 0.24684754 -0.00873163  0.09137509  0.10638972  0.12501228 -0.24353315
 -0.3339774  -0.04481211  0.01987505 -0.00699854  0.32117143  0.22512965
  0.04880528 -0.2633702  -0.19953413 -0.23002982  0.11004592 -0.2196464
 -0.21810237 -0.26516962 -0.36571726  0.12194091 -0.22929913  0.0086394
  0.27245733 -0.21339563 -0.2407996  -0.2837033  -0.16252585 -0.16202289
  0.30147457 -0.03303516 -0.11416981  0.08583373 -0.01510164 -0.16760254
  0.03962214 -0.13328102  0.05140109 -0.04460221  0.15904571 -0.179728
 -0.19228922 -0.14426328  0.2527165   0.13631184 -0.26963425 -0.28320843
  0.23683003 -0.01455027 -0.14613177  0.21709006 -0.29827392  0.08582227
 -0.1698457   0.2197209  -0.21444616  0.00482939 -0.1488235   0.03158463
 -0.05134856 -0.25182638  0.2152258  -0.16487475  0.1818516   0.3696715
 -0.08051681 -0.22107516 -0.01011138  0.20119737  0.18528636 -0.2366649
 -0.12554099 -0.20940115  0.26305243  0.08679938  0.2095186  -0.07533897
  0.12254684  0.24268802 -0.17725234 -0.01424301 -0.06478724 -0.19342625
 -0.18464795  0.32274717  0.07914291 -0.25719744 -0.20554502  0.13692749
  0.06369206 -0.1813143  -0.318761   -0.051945    0.2916654  -0.11929446
  0.00632791 -0.28874075 -0.22040851  0.14704892  0.28617245  0.377286
  0.02057274  0.08872272 -0.4249036   0.23748793 -0.12141203  0.18930264
 -0.2807964   0.16007072 -0.0976004   0.07653438  0.01102138 -0.22265877
  0.0024252   0.05313907 -0.13769455 -0.24875686  0.05038037 -0.04256988
 -0.11096187 -0.23789704 -0.02762801 -0.2716728  -0.28238678 -0.08852296
  0.08244815 -0.07467233 -0.02926374 -0.30234852 -0.06301741 -0.18138525
 -0.09130219 -0.30887672 -0.16697669 -0.17285231  0.25700134  0.2573038
  0.16738045 -0.19816858 -0.16497882 -0.24835251 -0.07430978  0.3209677
  0.00246066 -0.0075593   0.0165236   0.17106977 -0.1845663   0.28036886
 -0.30343437 -0.1477099  -0.11117814 -0.1253253  -0.2651103  -0.25884756
 -0.21836153  0.30797213 -0.20604527  0.27942926  0.20944713  0.22995931
 -0.09261463  0.30798176 -0.13651033 -0.11542255 -0.22826752 -0.16831201
 -0.23720624 -0.20621687 -0.05169053 -0.15243258  0.1369547  -0.15703337
  0.17631021 -0.1844454   0.2589438   0.31282124  0.2292682   0.33271125
 -0.21270391 -0.01326058  0.1368541   0.34211057 -0.10733888  0.23205526
 -0.28591013 -0.1285422   0.13484925  0.27605614 -0.15643299  0.20002514
 -0.1598834  -0.0265993   0.1019028   0.18609455 -0.25291693 -0.3206517
 -0.26166645 -0.05914243 -0.3070415  -0.27870807  0.06854905  0.15608777
  0.26731    -0.13241723  0.34449068 -0.19954129 -0.05940129  0.01464233
 -0.23999977  0.06168183  0.19719744  0.19293027 -0.08301123  0.1972414
 -0.06456145  0.31083116 -0.26906866 -0.06893745 -0.12935062 -0.2398536
 -0.11001357  0.34910855  0.29981396  0.19328831 -0.252168   -0.26359826
 -0.38866517  0.31183878 -0.09186029 -0.2963696  -0.23474964 -0.17697206
 -0.34935135  0.25558197 -0.0071025   0.03385498 -0.01380822  0.21118525
  0.22932889 -0.05194224 -0.27845043  0.10847247 -0.06383532 -0.26082337
  0.07428472 -0.27884048  0.00539206 -0.02033274  0.16904749 -0.07948196
 -0.25835177  0.25003356  0.01045697 -0.27245447 -0.22544584  0.31471285
  0.1754808   0.20588066 -0.06466369 -0.10368057 -0.25071722 -0.2421281
  0.2890145  -0.03690151  0.342019   -0.123127   -0.28259158  0.07231703
  0.13735259 -0.22507937  0.31565326  0.06460544 -0.24418314  0.10204695
  0.2014636   0.34701324  0.01253867  0.05112908  0.19916299 -0.24832205
 -0.35096666 -0.22429495  0.23756553  0.27915323 -0.19552296  0.23671997
  0.05398452  0.28870463 -0.14919633  0.32877877  0.15482047  0.11964344
 -0.06275267 -0.20610222 -0.21984063 -0.1339386   0.20797941 -0.00050595]
woman: [-0.1668228   0.03482797 -0.01090437 -0.30265027  0.27567843  0.3127076
 -0.00965867  0.07437231  0.20901127 -0.35588184 -0.2053963   0.14345083
  0.05050284 -0.36428562 -0.06820358 -0.30878353 -0.10716274 -0.04126504
 -0.05347826 -0.2995463   0.02545232 -0.2629046   0.21509719 -0.15375805
 -0.05992312 -0.28000668  0.28365016 -0.28210562 -0.30752838  0.24033275
  0.28620845 -0.1588478   0.20928474  0.18644056  0.3015369   0.07950312
 -0.3171692  -0.14127207 -0.14377917  0.357151    0.17287411  0.27669808
 -0.12589924  0.04183694 -0.17273167 -0.11477807 -0.12799253 -0.25076836
  0.28609508 -0.23917854  0.36905244 -0.02039047  0.12318099  0.02274628
  0.24303883 -0.32677934  0.28130338  0.20092775  0.1115585   0.12047322
  0.15778452 -0.2682898  -0.26753348 -0.22013181  0.01034584  0.16275322
 -0.33699352 -0.36120915 -0.19912958  0.00223459  0.03074677  0.01451728
  0.2759976   0.41684332  0.2741537  -0.2831043   0.05921211 -0.01695075
 -0.31965518  0.14869042  0.27162808  0.20312259  0.28598562 -0.28528136
 -0.2998133  -0.21762702 -0.09812476 -0.3044525   0.23572621 -0.09868645
 -0.08843603 -0.27173468 -0.29599655  0.23912415  0.00841936 -0.13347396
 -0.04522949  0.02955928  0.12237142  0.21043904 -0.14858544  0.26753366
 -0.11345229 -0.14761175 -0.02128485 -0.11799272  0.22894031 -0.2081284
  0.2144886  -0.27066296 -0.0092334   0.00917915  0.30207685  0.28451368
  0.2573124  -0.2590206   0.030599   -0.3252375   0.01588959  0.2427171
 -0.19887686 -0.34243348 -0.17111482  0.05360634  0.3383678  -0.2909653
 -0.07912649  0.15940297  0.32308775  0.10542897  0.2978889   0.251841
  0.28938606  0.23216559  0.04860082 -0.10593505  0.2699809   0.08330602
 -0.14921874  0.32365733 -0.24985771  0.24173974 -0.30478224  0.13805185
 -0.07187858  0.17579527  0.0451354  -0.2044038  -0.23546669 -0.22927924
 -0.12367963  0.22699918 -0.31008908 -0.21773599 -0.19203465  0.26405612
  0.20055273  0.06417073  0.27069718 -0.265397   -0.16838308  0.16017807
  0.10050988  0.13646302  0.15316018  0.03489133  0.07174601 -0.23623767
  0.23374549 -0.23521039 -0.10477831 -0.16904102 -0.14470407  0.14510444
 -0.08758356 -0.41964138 -0.11453554  0.22266927  0.140653   -0.29047066
 -0.26157492 -0.10424984 -0.3067031   0.06734956  0.02662453 -0.22297683
  0.00781532  0.13389827  0.0978691   0.10128103  0.31760064  0.00522159
  0.31161457 -0.27613845 -0.31394306 -0.32601595  0.18736047 -0.08882177
 -0.25297335  0.10722522  0.20665832  0.15494935  0.2288015   0.25694418
  0.06858996  0.14027518 -0.12872607  0.14666748  0.1461472  -0.10920928
 -0.28553122 -0.30795673 -0.02033452 -0.03717983 -0.31207752 -0.2540532
 -0.4031054   0.3241486  -0.04234531  0.15324624 -0.08350342  0.02899424
 -0.28683034 -0.02814384 -0.30358115 -0.28731975 -0.19949801 -0.10996917
  0.13240854 -0.20870055  0.24937128  0.009524   -0.26655576 -0.27840057
 -0.35145912 -0.24316381  0.18823369 -0.30051562  0.16350338 -0.08515746
 -0.15040015  0.12108753  0.16772744  0.22224012  0.00689116 -0.34783033
  0.31461984  0.15718593  0.32927567  0.07523511 -0.04008359  0.28198594
  0.3455222   0.30654597 -0.13607912  0.1947364  -0.2004445  -0.24076113
 -0.29769447 -0.14681025 -0.02749466 -0.35596165  0.1717822  -0.01281015
 -0.29589835 -0.14248781 -0.34586048 -0.07260546  0.1548338  -0.05328382
 -0.11292658  0.22491826 -0.12585886  0.16230708  0.15986548 -0.22836581
  0.05064078 -0.33074534 -0.31162134 -0.0827015   0.00072294  0.32239965
 -0.31369784  0.12900998  0.28830197  0.27416337 -0.23438612  0.21243307
 -0.20904243  0.15840566  0.27191737  0.09448798 -0.07424359  0.31859565
  0.2702099  -0.01812307  0.29276952  0.32910553  0.24715018 -0.32837048]
